1138 KLGA 5706416.137368067 2189851.7361057103,609 KSTL 3899858.218307307 1900843.7137592053,0,442.0
882 KCLT 4932156.620028929 1416135.31712597,889 KGSP 4792449.122287351 1373555.498774869,0,165.0
1112 KIAD 5314035.086824926 1928373.9243004003,7 KSFO 395132.6138991644 1743454.4124698462,0,438.0
991 KMSN 4012922.857435983 2537843.8967922367,989 KDTW 4668215.201978397 2399690.9636400426,0,406.0
146 KPHX 1529938.7666514488 1180136.2580256895,989 KDTW 4668215.201978397 2399690.9636400426,0,470.5
485 KOLF 2234826.596173243 3314283.044349243,257 KGTF 1600131.7124825534 3214452.2061965866,0,151.0
989 KDTW 4668215.201978397 2399690.9636400426,775 KMCO 4892088.734919498 540852.7815160877,0,451.0
593 KMEM 3942927.08015838 1393159.4334895131,882 KCLT 4932156.620028929 1416135.31712597,0,408.0
929 KCMH 4718752.251759554 2077825.3449236776,1118 KBWI 5400271.395657967 1960937.0629764693,0,432.0
800 KTBR 4845231.056391941 1055941.3109831298,805 KCAE 4912839.920944775 1246531.0251258304,0,140.0
1220 KMVY 6063217.400086962 2279333.618951289,1220 KHYA 6099781.360499702 2319736.575991848,0,179.5
882 KCLT 4932156.620028929 1416135.31712597,990 KMKE 4170709.7361916616 2508970.5036077173,0,401.0
69 KMWH 729672.176209145 3170122.0202989634,91 KBFI 403126.3069470533 3222233.411191772,0,196.0
582 KADS 3191751.356670893 1119189.9939174536,615 KMKC 3437438.7823165776 1953566.0756740049,0,154.0
146 KPHX 1529938.7666514488 1180136.2580256895,7 KSFO 395132.6138991644 1743454.4124698462,0,407.5
201 KSLC 1533662.4173491108 2191471.481915045,582 KDFW 3169675.129138322 1109822.1450396478,0,483.0
1084 KMIA 5003608.606233294 216496.0037197433,1138 KLGA 5706416.137368067 2189851.7361057103,0,462.0
1129 KEWR 5673991.051502816 2177611.5156549774,824 KATL 4550529.626794338 1206726.313065563,0,421.5
1112 KDCA 5359820.033404998 1915372.8058901927,867 KTYS 4598065.699384882 1496450.2276216715,0,379.0
989 KDTW 4668215.201978397 2399690.9636400426,662 KDSM 3539245.5813768567 2299923.1297318274,0,377.0
989 KDTW 4668215.201978397 2399690.9636400426,1122 KPHL 5556557.785604804 2059816.2151525728,0,408.0
1097 KGSO 5042297.144860384 1535248.138433285,1112 KIAD 5314035.086824926 1928373.9243004003,0,314.0
989 KDTW 4668215.201978397 2399690.9636400426,990 KMKE 4170709.7361916616 2508970.5036077173,0,354.0
524 KAUS 3100478.8882611585 762536.3588845013,582 KDAL 3190065.3959165034 1103341.9625390223,0,407.5
1062 KCHS 5030996.695844515 1110056.969775522,1112 KDCA 5359820.033404998 1915372.8058901927,0,407.5
275 KBOI 1068810.950738223 2601772.208354586,159 KLAS 1186091.333199179 1532849.5961134434,0,437.0
929 KCMH 4718752.251759554 2077825.3449236776,882 KCLT 4932156.620028929 1416135.31712597,0,401.0
775 KMCO 4892088.734919498 540852.7815160877,159 KLAS 1186091.333199179 1532849.5961134434,0,433.0
954 KORD 4169811.614824586 2365187.7901682444,7 KSFO 395132.6138991644 1743454.4124698462,0,416.0
1067 KMYR 5152788.563396992 1212383.3209659122,882 KCLT 4932156.620028929 1416135.31712597,0,294.0
593 KMEM 3942927.08015838 1393159.4334895131,824 KATL 4550529.626794338 1206726.313065563,0,350.0
146 KPHX 1529938.7666514488 1180136.2580256895,159 KLAS 1186091.333199179 1532849.5961134434,0,414.0
1087 KFLL 5018709.567964174 250517.6384758204,824 KATL 4550529.626794338 1206726.313065563,0,433.0
524 KAUS 3100478.8882611585 762536.3588845013,146 KPHX 1529938.7666514488 1180136.2580256895,0,419.0
519 KIAH 3355462.491003606 735945.9770115255,201 KSLC 1533662.4173491108 2191471.481915045,0,414.0
953 KMDW 4186499.953427323 2336859.620791518,1191 KBUF 5174262.423663005 2507967.8654409926,0,454.0
954 KORD 4169811.614824586 2365187.7901682444,23 KLAX 829541.5446768213 1247019.442325435,0,424.5
954 KORD 4169811.614824586 2365187.7901682444,7 KSFO 395132.6138991644 1743454.4124698462,0,416.0
582 KDFW 3169675.129138322 1109822.1450396478,7 KSFO 395132.6138991644 1743454.4124698462,0,384.0
824 KATL 4550529.626794338 1206726.313065563,882 KCLT 4932156.620028929 1416135.31712597,0,312.0
989 KDTW 4668215.201978397 2399690.9636400426,982 KAZO 4427445.301129147 2403018.583081781,0,295.0
882 KCLT 4932156.620028929 1416135.31712597,1143 KCHO 5204846.988072783 1815541.9601253616,0,263.0
954 KORD 4169811.614824586 2365187.7901682444,582 KDFW 3169675.129138322 1109822.1450396478,0,425.0
524 KAUS 3100478.8882611585 762536.3588845013,7 KSJC 443972.0064603351 1708067.9886713205,0,350.5
519 KHOU 3362306.589013511 693160.1214506757,23 KLAX 829541.5446768213 1247019.442325435,0,407.5
55 KEUG 303476.6687839165 2686830.1392027168,7 KOAK 411996.3988179 1757606.8954891097,0,415.5
882 KCLT 4932156.620028929 1416135.31712597,1138 KJFK 5716676.436265105 2170003.3409954,0,399.5
953 KMDW 4186499.953427323 2336859.620791518,969 KCAK 4877502.417313603 2209959.0256706798,0,388.0
788 KPNS 4248458.593685757 797921.942554248,519 KIAH 3355462.491003606 735945.9770115255,1,361.0
1202 KBOS 6020411.708208139 2422176.4550896706,1129 KEWR 5673991.051502816 2177611.5156549774,1,407.5
7 KSFO 395132.6138991644 1743454.4124698462,159 KLAS 1186091.333199179 1532849.5961134434,1,469.0
775 KMCO 4892088.734919498 540852.7815160877,1129 KEWR 5673991.051502816 2177611.5156549774,1,445.5
759 KEYW 4842745.559237112 66804.62219821336,1084 KMIA 5003608.606233294 216496.0037197433,1,312.0
1112 KDCA 5359820.033404998 1915372.8058901927,1082 KPBI 5024962.995260723 325153.1847815267,1,397.0
731 KRHI 3998687.433546193 2919672.9384539668,990 KMKE 4170709.7361916616 2508970.5036077173,1,172.0
1100 KPIT 5009927.199169196 2148625.7780163903,707 KMSP 3587570.3298239955 2803123.151282844,1,432.0
882 KCLT 4932156.620028929 1416135.31712597,593 KMEM 3942927.08015838 1393159.4334895131,1,368.0
882 KCLT 4932156.620028929 1416135.31712597,1095 KROA 5038124.851478387 1702958.0606365567,1,202.0
940 KCVG 4524281.10587977 1943070.0740631332,1112 KIAD 5314035.086824926 1928373.9243004003,1,375.0
582 KDFW 3169675.129138322 1109822.1450396478,315 KABI 2880153.559165143 1046676.26165743,1,331.0
593 KMEM 3942927.08015838 1393159.4334895131,519 KIAH 3355462.491003606 735945.9770115255,1,348.0
945 KIND 4346159.100793739 2037782.615487148,422 KDEN 2333600.6709643 2058360.89499987,1,410.5
533 KMSY 3912122.789156301 737083.9634627616,7 KSFO 395132.6138991644 1743454.4124698462,1,441.5
989 KDTW 4668215.201978397 2399690.9636400426,159 KLAS 1186091.333199179 1532849.5961134434,1,425.0
989 KDTW 4668215.201978397 2399690.9636400426,945 KIND 4346159.100793739 2037782.615487148,1,358.0
713 KBJI 3400107.868361399 3218893.2315916363,712 KGFK 3154552.445421804 3290510.0070704846,2,156.0
34 KSMF 480984.60985307663 1893362.7993110612,91 KSEA 402360.18899785297 3209107.253978492,2,474.0
929 KCMH 4718752.251759554 2077825.3449236776,707 KMSP 3587570.3298239955 2803123.151282844,2,426.0
146 KPHX 1529938.7666514488 1180136.2580256895,130 KNYL 1245881.1139485629 1078538.0209673904,2,253.0
22 KSNA 888674.653348856 1211857.2483732984,582 KDFW 3169675.129138322 1109822.1450396478,2,490.0
824 KATL 4550529.626794338 1206726.313065563,1100 KPIT 5009927.199169196 2148625.7780163903,2,455.0
561 KLAW 3018710.626790177 1329850.7507354086,582 KDFW 3169675.129138322 1109822.1450396478,2,308.0
701 KRST 3666611.645835973 2653893.3113408163,954 KORD 4169811.614824586 2365187.7901682444,2,382.0
953 KMDW 4186499.953427323 2336859.620791518,824 KATL 4550529.626794338 1206726.313065563,2,446.0
990 KMKE 4170709.7361916616 2508970.5036077173,422 KDEN 2333600.6709643 2058360.89499987,2,423.0
962 KCLE 4832867.901112888 2282049.1231493475,1122 KPHL 5556557.785604804 2059816.2151525728,2,336.5
23 KLAX 829541.5446768213 1247019.442325435,34 KSMF 480984.60985307663 1893362.7993110612,2,401.5
882 KCLT 4932156.620028929 1416135.31712597,1159 KROC 5290316.342793959 2534692.936797954,2,436.5
462 KCPR 2137476.1459069154 2503108.017567319,422 KDEN 2333600.6709643 2058360.89499987,2,335.0
1202 KBOS 6020411.708208139 2422176.4550896706,1211 KAUG 6152683.601326607 2716779.8516533244,2,407.5
609 KSTL 3899858.218307307 1900843.7137592053,913 KMWA 4048665.5596597535 1762273.7831857586,2,407.5
1129 KEWR 5673991.051502816 2177611.5156549774,25 KSAN 962918.7492499076 1088557.4184932555,2,428.0
519 KIAH 3355462.491003606 735945.9770115255,422 KDEN 2333600.6709643 2058360.89499987,2,395.5
519 KIAH 3355462.491003606 735945.9770115255,1112 KDCA 5359820.033404998 1915372.8058901927,2,503.0
768 KTPA 4758031.461472318 484452.39310102817,1084 KMIA 5003608.606233294 216496.0037197433,2,321.5
882 KCLT 4932156.620028929 1416135.31712597,1064 KFAY 5158044.449993056 1386313.4122527712,2,323.0
882 KCLT 4932156.620028929 1416135.31712597,1062 KCHS 5030996.695844515 1110056.969775522,2,350.0
146 KPHX 1529938.7666514488 1180136.2580256895,22 KLGB 857574.6103268635 1230557.887916664,3,326.0
519 KIAH 3355462.491003606 735945.9770115255,201 KSLC 1533662.4173491108 2191471.481915045,3,395.0
824 KATL 4550529.626794338 1206726.313065563,756 KRSW 4843226.784899907 307148.65138352755,3,463.0
940 KCVG 4524281.10587977 1943070.0740631332,707 KMSP 3587570.3298239955 2803123.151282844,3,416.0
146 KPHX 1529938.7666514488 1180136.2580256895,22 KSNA 888674.653348856 1211857.2483732984,3,357.5
989 KDTW 4668215.201978397 2399690.9636400426,882 KCLT 4932156.620028929 1416135.31712597,3,430.0
422 KDEN 2333600.6709643 2058360.89499987,1138 KLGA 5706416.137368067 2189851.7361057103,3,473.5
954 KORD 4169811.614824586 2365187.7901682444,1122 KPHL 5556557.785604804 2059816.2151525728,3,407.5
954 KORD 4169811.614824586 2365187.7901682444,889 KGSP 4792449.122287351 1373555.498774869,3,438.0
159 KLAS 1186091.333199179 1532849.5961134434,519 KIAH 3355462.491003606 735945.9770115255,4,488.0
146 KPHX 1529938.7666514488 1180136.2580256895,201 KSLC 1533662.4173491108 2191471.481915045,4,426.0
1114 KSBY 5527078.536120967 1843691.201298547,1118 KBWI 5400271.395657967 1960937.0629764693,4,141.0
23 KLAX 829541.5446768213 1247019.442325435,94 KPDX 370712.9146345527 2913020.07787426,4,471.0
86 KRNO 680613.8933716449 2006768.1518044136,23 KLAX 829541.5446768213 1247019.442325435,4,376.5
824 KATL 4550529.626794338 1206726.313065563,7 KSJC 443972.0064603351 1708067.9886713205,4,428.0
811 KJAX 4850597.223872714 800552.3510493403,882 KCLT 4932156.620028929 1416135.31712597,4,378.0
146 KPHX 1529938.7666514488 1180136.2580256895,159 KLAS 1186091.333199179 1532849.5961134434,4,350.5
7 KSFO 395132.6138991644 1743454.4124698462,824 KATL 4550529.626794338 1206726.313065563,4,507.0
882 KCLT 4932156.620028929 1416135.31712597,618 KXNA 3468756.88197086 1560227.166439538,4,394.0
519 KIAH 3355462.491003606 735945.9770115255,1070 KRIC 5328938.8799804 1727733.6441536397,4,491.0
848 KMOB 4132799.0119684217 825625.9440841903,882 KCLT 4932156.620028929 1416135.31712597,4,376.0
519 KIAH 3355462.491003606 735945.9770115255,300 KLBB 2645691.3905984443 1210265.1249584272,4,370.0
1158 KELM 5375818.280493596 2391932.440494284,1159 KROC 5290316.342793959 2534692.936797954,4,151.0
524 KAUS 3100478.8882611585 762536.3588845013,201 KSLC 1533662.4173491108 2191471.481915045,4,416.0
882 KCLT 4932156.620028929 1416135.31712597,146 KPHX 1529938.7666514488 1180136.2580256895,4,445.0
254 KHLN 1533114.354783838 3073803.8915978028,259 KBIL 1909813.7976910037 2947356.651712127,4,239.0
130 KNYL 1245881.1139485629 1078538.0209673904,146 KPHX 1529938.7666514488 1180136.2580256895,5,147.0
582 KDFW 3169675.129138322 1109822.1450396478,7 KSFO 395132.6138991644 1743454.4124698462,5,417.0
201 KSLC 1533662.4173491108 2191471.481915045,23 KLAX 829541.5446768213 1247019.442325435,5,421.0
940 KCVG 4524281.10587977 1943070.0740631332,1092 KRDU 5168207.000392737 1505447.3390612062,5,386.0
159 KLAS 1186091.333199179 1532849.5961134434,23 KLAX 829541.5446768213 1247019.442325435,5,407.5
1202 KBOS 6020411.708208139 2422176.4550896706,824 KATL 4550529.626794338 1206726.313065563,5,492.0
1108 KJST 5163125.725187421 2123402.679076497,1112 KIAD 5314035.086824926 1928373.9243004003,5,224.0
713 KBJI 3400107.868361399 3218893.2315916363,707 KMSP 3587570.3298239955 2803123.151282844,5,218.5
954 KORD 4169811.614824586 2365187.7901682444,983 KGRR 4430654.307811331 2499041.9526546737,5,278.0
533 KMSY 3912122.789156301 737083.9634627616,1138 KLGA 5706416.137368067 2189851.7361057103,5,491.0
159 KLAS 1186091.333199179 1532849.5961134434,330 KELP 2146893.461037561 968576.8833558322,5,413.0
962 KCLE 4832867.901112888 2282049.1231493475,1159 KROC 5290316.342793959 2534692.936797954,5,269.0
309 KMAF 2604188.1830970114 986023.907686491,519 KIAH 3355462.491003606 735945.9770115255,5,361.0
531 KBTR 3814488.283259005 805522.1585719516,582 KDFW 3169675.129138322 1109822.1450396478,5,396.5
34 KSMF 480984.60985307663 1893362.7993110612,22 KONT 917912.4528092772 1262011.0825100252,5,407.5
1112 KDCA 5359820.033404998 1915372.8058901927,775 KMCO 4892088.734919498 540852.7815160877,5,400.0
146 KPHX 1529938.7666514488 1180136.2580256895,275 KBOI 1068810.950738223 2601772.208354586,5,433.0
159 KLAS 1186091.333199179 1532849.5961134434,23 KLAX 829541.5446768213 1247019.442325435,5,336.0
940 KCVG 4524281.10587977 1943070.0740631332,1125 KMDT 5389857.370996047 2105811.1805254444,5,439.0
1118 KBWI 5400271.395657967 1960937.0629764693,615 KMCI 3424177.506217976 1978213.845389773,5,401.0
824 KATL 4550529.626794338 1206726.313065563,146 KPHX 1529938.7666514488 1180136.2580256895,5,405.0
519 KIAH 3355462.491003606 735945.9770115255,571 KJAN 3932064.413250147 1033699.1102588676,5,402.0
969 KCAK 4877502.417313603 2209959.0256706798,882 KCLT 4932156.620028929 1416135.31712597,5,373.0
582 KDAL 3190065.3959165034 1103341.9625390223,524 KAUS 3100478.8882611585 762536.3588845013,5,407.5
93 KBLI 377282.9847236405 3429559.487723872,91 KSEA 402360.18899785297 3209107.253978492,5,155.0
929 KCMH 4718752.251759554 2077825.3449236776,954 KORD 4169811.614824586 2365187.7901682444,5,388.5
1118 KBWI 5400271.395657967 1960937.0629764693,524 KAUS 3100478.8882611585 762536.3588845013,5,396.0
989 KDTW 4668215.201978397 2399690.9636400426,947 KSDF 4407307.343658913 1820527.6798976967,5,372.0
159 KLAS 1186091.333199179 1532849.5961134434,22 KONT 917912.4528092772 1262011.0825100252,5,407.5
940 KCVG 4524281.10587977 1943070.0740631332,1186 KBDL 5836662.036603692 2359341.678379048,5,460.0
1202 KBOS 6020411.708208139 2422176.4550896706,1112 KDCA 5359820.033404998 1915372.8058901927,5,388.0
882 KCLT 4932156.620028929 1416135.31712597,1112 KDCA 5359820.033404998 1915372.8058901927,5,401.0
882 KCLT 4932156.620028929 1416135.31712597,594 KLIT 3696802.708293959 1351375.200890012,5,366.0
159 KLAS 1186091.333199179 1532849.5961134434,34 KSMF 480984.60985307663 1893362.7993110612,5,407.5
140 KFLG 1567280.5439209635 1406020.4527458418,146 KPHX 1529938.7666514488 1180136.2580256895,5,285.0
1129 KEWR 5673991.051502816 2177611.5156549774,824 KATL 4550529.626794338 1206726.313065563,5,382.0
526 KSAT 3012884.955643201 679094.1326488308,146 KPHX 1529938.7666514488 1180136.2580256895,5,417.5
662 KDSM 3539245.5813768567 2299923.1297318274,954 KORD 4169811.614824586 2365187.7901682444,5,352.0
609 KSTL 3899858.218307307 1900843.7137592053,1092 KRDU 5168207.000392737 1505447.3390612062,5,407.5
954 KORD 4169811.614824586 2365187.7901682444,609 KSTL 3899858.218307307 1900843.7137592053,5,399.0
609 KSTL 3899858.218307307 1900843.7137592053,947 KSDF 4407307.343658913 1820527.6798976967,5,404.5
615 KMCI 3424177.506217976 1978213.845389773,1138 KLGA 5706416.137368067 2189851.7361057103,5,462.0
725 KLSE 3802760.0785644376 2649441.401151086,954 KORD 4169811.614824586 2365187.7901682444,5,313.5
853 KBNA 4304131.223636331 1538867.1338284742,824 KATL 4550529.626794338 1206726.313065563,5,291.0
953 KMDW 4186499.953427323 2336859.620791518,830 KBHM 4295885.221532358 1197023.8361093416,5,455.0
23 KLAX 829541.5446768213 1247019.442325435,954 KORD 4169811.614824586 2365187.7901682444,5,454.0
1118 KBWI 5400271.395657967 1960937.0629764693,1179 KALB 5714180.078500726 2479262.361302727,5,407.5
146 KPHX 1529938.7666514488 1180136.2580256895,25 KSAN 962918.7492499076 1088557.4184932555,5,407.5
102 KIGM 1319030.7565406736 1422235.250735655,140 KPRC 1485260.8030738323 1341399.644318872,5,247.0
1138 KLGA 5706416.137368067 2189851.7361057103,1189 KMHT 5973269.973184521 2506786.182875612,5,296.0
519 KHOU 3362306.589013511 693160.1214506757,1112 KDCA 5359820.033404998 1915372.8058901927,5,483.0
7 KSJC 443972.0064603351 1708067.9886713205,23 KLAX 829541.5446768213 1247019.442325435,5,407.5
788 KPNS 4248458.593685757 797921.942554248,582 KDFW 3169675.129138322 1109822.1450396478,5,379.0
519 KIAH 3355462.491003606 735945.9770115255,554 KTYR 3348782.9784701904 1039258.9169373928,5,272.5
519 KIAH 3355462.491003606 735945.9770115255,954 KORD 4169811.614824586 2365187.7901682444,5,435.0
422 KDEN 2333600.6709643 2058360.89499987,1129 KEWR 5673991.051502816 2177611.5156549774,5,407.5
609 KSTL 3899858.218307307 1900843.7137592053,1122 KPHL 5556557.785604804 2059816.2151525728,5,407.5
797 KECP 4400594.658634728 781199.8685785439,824 KATL 4550529.626794338 1206726.313065563,5,324.0
1112 KIAD 5314035.086824926 1928373.9243004003,882 KCLT 4932156.620028929 1416135.31712597,5,407.5
23 KLAX 829541.5446768213 1247019.442325435,7 KOAK 411996.3988179 1757606.8954891097,5,396.0
519 KIAH 3355462.491003606 735945.9770115255,547 KMFE 3038202.773241584 263104.57593373675,5,339.0
1122 KPHL 5556557.785604804 2059816.2151525728,1138 KLGA 5706416.137368067 2189851.7361057103,5,282.0
940 KCVG 4524281.10587977 1943070.0740631332,1202 KBOS 6020411.708208139 2422176.4550896706,5,480.5
609 KSTL 3899858.218307307 1900843.7137592053,929 KCMH 4718752.251759554 2077825.3449236776,5,407.5
707 KMSP 3587570.3298239955 2803123.151282844,1138 KJFK 5716676.436265105 2170003.3409954,5,466.0
990 KMKE 4170709.7361916616 2508970.5036077173,609 KSTL 3899858.218307307 1900843.7137592053,5,412.5
159 KLAS 1186091.333199179 1532849.5961134434,7 KSFO 395132.6138991644 1743454.4124698462,5,399.0
1112 KDCA 5359820.033404998 1915372.8058901927,811 KJAX 4850597.223872714 800552.3510493403,5,382.0
7 KOAK 411996.3988179 1757606.8954891097,91 KSEA 402360.18899785297 3209107.253978492,5,407.5
824 KATL 4550529.626794338 1206726.313065563,929 KCMH 4718752.251759554 2077825.3449236776,6,441.0
1122 KPHL 5556557.785604804 2059816.2151525728,954 KORD 4169811.614824586 2365187.7901682444,6,420.0
422 KAPA 2314327.418424805 2016849.0609372703,594 KLIT 3696802.708293959 1351375.200890012,6,548.0
582 KDFW 3169675.129138322 1109822.1450396478,23 KLAX 829541.5446768213 1247019.442325435,6,421.5
7 KLVK 455908.2410516437 1753745.5758336214,26 KCRQ 953063.646317336 1140053.3701739889,6,394.0
422 KDEN 2333600.6709643 2058360.89499987,990 KMKE 4170709.7361916616 2508970.5036077173,6,455.0
882 KCLT 4932156.620028929 1416135.31712597,662 KDSM 3539245.5813768567 2299923.1297318274,6,425.0
159 KLAS 1186091.333199179 1532849.5961134434,275 KBOI 1068810.950738223 2601772.208354586,6,433.0
1127 KIPT 5372588.387375205 2257273.605928192,1125 KMDT 5389857.370996047 2105811.1805254444,6,162.0
1061 KOAJ 5296919.828355736 1364680.8562480346,882 KCLT 4932156.620028929 1416135.31712597,6,311.5
1112 KIAD 5314035.086824926 1928373.9243004003,1132 KHTO 5883902.356057368 2216264.62703167,6,362.0
882 KCLT 4932156.620028929 1416135.31712597,1076 KORF 5451420.838083368 1643788.720693254,6,414.0
422 KDEN 2333600.6709643 2058360.89499987,519 KIAH 3355462.491003606 735945.9770115255,6,517.0
23 KLAX 829541.5446768213 1247019.442325435,94 KPDX 370712.9146345527 2913020.07787426,6,428.0
422 KDEN 2333600.6709643 2058360.89499987,929 KCMH 4718752.251759554 2077825.3449236776,6,407.5
1118 KBWI 5400271.395657967 1960937.0629764693,159 KLAS 1186091.333199179 1532849.5961134434,6,414.0
159 KLAS 1186091.333199179 1532849.5961134434,23 KLAX 829541.5446768213 1247019.442325435,6,314.0
882 KCLT 4932156.620028929 1416135.31712597,1112 KIAD 5314035.086824926 1928373.9243004003,6,346.0
