1138,1123,1124,1121,1107,1104,1140,928,924,927,921,929,946,940,947,941,918,914,915,604,609,0,0,0,139,139,442.000000,KLGA,KSTL
882,889,0,0,0,29,29,165.000000,KCLT,KGSP
1112,1149,1143,1141,1145,934,938,932,931,935,944,948,942,916,912,859,856,630,634,632,616,618,649,647,644,398,391,390,393,353,357,303,379,339,376,115,113,114,119,191,196,189,185,155,150,159,152,151,40,47,8,0,7,0,0,0,384,384,438.000000,KIAD,KSFO
991,994,993,982,980,989,0,0,0,55,55,406.000000,KMSN,KDTW
146,122,117,112,333,339,379,370,357,355,396,391,398,644,647,641,611,615,619,602,601,605,652,901,907,906,959,985,986,981,989,0,0,0,240,240,470.500000,KPHX,KDTW
485,483,255,252,257,0,0,0,153,153,151.000000,KOLF,KGTF
989,984,923,949,946,948,930,864,867,869,885,806,803,825,813,812,778,771,779,775,0,0,0,139,139,451.000000,KDTW,KMCO
593,898,899,895,863,869,860,880,882,0,0,0,81,81,408.000000,KMEM,KCLT
929,922,927,920,928,1109,1142,1149,1117,1118,0,0,0,53,53,432.000000,KCMH,KBWI
800,802,805,0,0,0,50,50,140.000000,KTBR,KCAE
882,873,876,879,874,878,930,948,940,943,985,988,958,993,994,990,0,0,0,110,110,401.000000,KCLT,KMKE
69,64,90,97,91,0,0,0,59,59,196.000000,KMWH,KBFI
582,585,565,564,569,640,617,611,615,0,0,0,187,187,154.000000,KADS,KMKC
146,147,149,139,109,104,103,43,48,44,9,0,7,0,0,0,102,102,407.500000,KPHX,KSFO
201,200,218,165,166,160,163,168,369,363,365,359,355,393,399,395,311,567,588,582,0,0,0,135,135,483.000000,KSLC,KDFW
1084,1087,1083,1082,1081,1050,1054,1055,1059,1052,1056,1065,1068,1061,1074,1071,1076,1072,1114,1116,1113,1134,1138,0,0,0,153,153,462.000000,KMIA,KLGA
1129,1122,1111,1118,1115,1112,1110,1146,1093,1098,1090,875,873,880,884,861,824,0,0,0,116,116,421.500000,KEWR,KATL
1112,1146,1147,1095,939,877,872,874,867,0,0,0,77,77,379.000000,KDCA,KTYS
989,980,981,982,988,987,958,954,957,691,690,697,662,0,0,0,99,99,377.000000,KDTW,KDSM
