10
201,201,0 201,201,1
201,200,0 201,208,1 201,201,2 201,201,3 201,201,7 201,201,8
200,164,0 208,217,1 201,209,2 201,208,3 201,201,4 201,200,7 201,206,8
164,162,0 217,211,1 209,186,2 208,217,3 201,208,4 201,201,5 200,218,7 206,233,8
162,161,0 211,210,1 186,180,2 217,211,3 208,217,4 201,208,5 201,201,6 218,212,7 233,237,8
161,199,0 210,400,1 180,188,2 211,210,3 217,212,4 208,217,5 201,208,6 212,219,7 237,235,8 201,201,9
199,197,0 400,408,1 188,154,2 210,402,3 212,166,4 217,211,5 208,217,6 219,216,7 235,261,8 201,200,9
197,371,0 408,364,1 154,158,2 402,405,3 166,163,4 211,210,5 217,211,6 216,400,7 261,466,8 200,164,9
371,374,0 364,367,1 158,40,2 405,401,3 163,168,4 210,402,5 211,210,6 400,409,7 466,464,8 164,162,9
374,378,0 367,352,1 40,48,2 401,422,3 168,193,4 402,405,5 210,402,6 409,404,7 464,487,8 162,161,9
352,354,1 48,49,2 422,421,3 193,362,4 405,401,5 402,405,6 404,427,7 487,489,8 161,199,9
354,350,1 49,23,2 421,448,3 362,375,4 401,422,5 405,401,6 489,480,8 199,193,9
350,396,1 448,445,3 375,373,4 401,422,6 480,474,8 193,362,9
396,390,1 445,449,3 373,379,4 474,479,8 362,375,9
390,395,1 449,674,3 379,303,4 479,717,8 375,373,9
395,311,1 674,678,3 303,302,4 717,735,8 373,379,9
311,567,1 678,673,3 302,309,4 735,1034,8 379,303,9
567,588,1 673,677,3 309,340,4 1034,1030,8 303,302,9
588,582,1 677,664,3 340,343,4 1030,1035,8 302,309,9
664,666,3 343,349,4 1035,1029,8 309,340,9
666,654,3 349,522,4 1029,1046,8 340,343,9
654,653,3 522,524,4 1046,1044,8 343,349,9
653,655,3 524,528,4 1044,1040,8 349,529,9
655,652,3 528,519,4 1040,1005,8 529,521,9
652,901,3 519,510,4 1005,1166,8 521,512,9
901,900,3 510,534,4 1166,1167,8 512,511,9
900,904,3 534,532,4 1167,1165,8 511,518,9
904,945,3 532,539,4 1165,1161,8 518,530,9
945,940,3 539,782,4 1161,1181,8 530,535,9
782,784,4 1181,1189,8 535,533,9
784,761,4 1189,1202,8 533,781,9
761,769,4 781,782,9
769,760,4 782,784,9
760,766,4 784,761,9
766,763,4 761,769,9
763,765,4 769,760,9
765,755,4 760,766,9
755,1087,4 766,775,9
