1138 KLGA 5706416.137368067 2189851.7361057103,609 KSTL 3899858.218307307 1900843.7137592053,60,442.0
882 KCLT 4932156.620028929 1416135.31712597,889 KGSP 4792449.122287351 1373555.498774869,60,165.0
1062 KCHS 5030996.695844515 1110056.969775522,1112 KDCA 5359820.033404998 1915372.8058901927,60,407.5
1112 KIAD 5314035.086824926 1928373.9243004003,7 KSFO 395132.6138991644 1743454.4124698462,60,438.0
991 KMSN 4012922.857435983 2537843.8967922367,989 KDTW 4668215.201978397 2399690.9636400426,60,406.0
146 KPHX 1529938.7666514488 1180136.2580256895,989 KDTW 4668215.201978397 2399690.9636400426,60,470.5
485 KOLF 2234826.596173243 3314283.044349243,257 KGTF 1600131.7124825534 3214452.2061965866,60,151.0
989 KDTW 4668215.201978397 2399690.9636400426,775 KMCO 4892088.734919498 540852.7815160877,60,451.0
593 KMEM 3942927.08015838 1393159.4334895131,882 KCLT 4932156.620028929 1416135.31712597,60,408.0
929 KCMH 4718752.251759554 2077825.3449236776,1118 KBWI 5400271.395657967 1960937.0629764693,60,432.0
989 KDTW 4668215.201978397 2399690.9636400426,990 KMKE 4170709.7361916616 2508970.5036077173,60,354.0
800 KTBR 4845231.056391941 1055941.3109831298,805 KCAE 4912839.920944775 1246531.0251258304,60,140.0
582 KADS 3191751.356670893 1119189.9939174536,615 KMKC 3437438.7823165776 1953566.0756740049,60,154.0
146 KPHX 1529938.7666514488 1180136.2580256895,7 KSFO 395132.6138991644 1743454.4124698462,60,407.5
201 KSLC 1533662.4173491108 2191471.481915045,582 KDFW 3169675.129138322 1109822.1450396478,60,483.0
1084 KMIA 5003608.606233294 216496.0037197433,1138 KLGA 5706416.137368067 2189851.7361057103,60,462.0
1129 KEWR 5673991.051502816 2177611.5156549774,824 KATL 4550529.626794338 1206726.313065563,60,421.5
1112 KDCA 5359820.033404998 1915372.8058901927,867 KTYS 4598065.699384882 1496450.2276216715,60,379.0
989 KDTW 4668215.201978397 2399690.9636400426,662 KDSM 3539245.5813768567 2299923.1297318274,60,377.0
989 KDTW 4668215.201978397 2399690.9636400426,1122 KPHL 5556557.785604804 2059816.2151525728,60,408.0
