201 KSLC 1533662.4173491108 2191471.481915045,582 KDFW 3169675.129138322 1109822.1450396478,0,476.0
824 KATL 4550529.626794338 1206726.313065563,882 KCLT 4932156.620028929 1416135.31712597,0,323.0
1112 KIAD 5314035.086824926 1928373.9243004003,7 KSFO 395132.6138991644 1743454.4124698462,0,434.0
954 KORD 4169811.614824586 2365187.7901682444,582 KDFW 3169675.129138322 1109822.1450396478,0,444.5
882 KCLT 4932156.620028929 1416135.31712597,593 KMEM 3942927.08015838 1393159.4334895131,0,408.5
259 KBIL 1909813.7976910037 2947356.651712127,486 KSDY 2386162.878049519 3250972.2989457883,0,241.0
519 KHOU 3362306.589013511 693160.1214506757,23 KLAX 829541.5446768213 1247019.442325435,0,407.5
146 KPHX 1529938.7666514488 1180136.2580256895,94 KPDX 370712.9146345527 2913020.07787426,0,479.0
953 KMDW 4186499.953427323 2336859.620791518,1191 KBUF 5174262.423663005 2507967.8654409926,0,414.0
485 KOLF 2234826.596173243 3314283.044349243,257 KGTF 1600131.7124825534 3214452.2061965866,0,148.0
146 KPHX 1529938.7666514488 1180136.2580256895,7 KSFO 395132.6138991644 1743454.4124698462,0,407.5
989 KDTW 4668215.201978397 2399690.9636400426,775 KMCO 4892088.734919498 540852.7815160877,0,441.0
1112 KDCA 5359820.033404998 1915372.8058901927,867 KTYS 4598065.699384882 1496450.2276216715,0,391.0
989 KDTW 4668215.201978397 2399690.9636400426,929 KCMH 4718752.251759554 2077825.3449236776,0,365.0
953 KMDW 4186499.953427323 2336859.620791518,969 KCAK 4877502.417313603 2209959.0256706798,0,393.0
954 KORD 4169811.614824586 2365187.7901682444,23 KLAX 829541.5446768213 1247019.442325435,0,436.5
1100 KPIT 5009927.199169196 2148625.7780163903,707 KMSP 3587570.3298239955 2803123.151282844,0,421.0
1097 KGSO 5042297.144860384 1535248.138433285,1112 KIAD 5314035.086824926 1928373.9243004003,0,299.0
123 KTUS 1647219.143144352 1008447.619013201,775 KORL 4889471.234883371 555317.8197550094,0,476.0
524 KAUS 3100478.8882611585 762536.3588845013,7 KSJC 443972.0064603351 1708067.9886713205,0,384.0
775 KMCO 4892088.734919498 540852.7815160877,159 KLAS 1186091.333199179 1532849.5961134434,0,428.0
519 KIAH 3355462.491003606 735945.9770115255,201 KSLC 1533662.4173491108 2191471.481915045,0,428.0
1220 KMVY 6063217.400086962 2279333.618951289,1202 KBOS 6020411.708208139 2422176.4550896706,0,165.5
593 KMEM 3942927.08015838 1393159.4334895131,882 KCLT 4932156.620028929 1416135.31712597,0,377.0
582 KDFW 3169675.129138322 1109822.1450396478,7 KSFO 395132.6138991644 1743454.4124698462,0,413.0
594 KLIT 3696802.708293959 1351375.200890012,519 KIAH 3355462.491003606 735945.9770115255,0,406.5
693 KDBQ 3862681.029470929 2427765.587204316,201 KSLC 1533662.4173491108 2191471.481915045,0,407.5
882 KCLT 4932156.620028929 1416135.31712597,1079 KPHF 5419467.787439428 1676332.150073762,0,377.0
882 KCLT 4932156.620028929 1416135.31712597,879 KTRI 4771807.381684953 1586518.6410509394,0,304.0
1160 KART 5471077.569901759 2666609.5502050444,615 KLWC 3369128.965880968 1937769.5020017708,0,313.5
459 KPIR 2814000.9049407425 2726290.421266578,954 KDPA 4132164.0615919977 2354764.289294379,0,434.5
1062 KCHS 5030996.695844515 1110056.969775522,1112 KDCA 5359820.033404998 1915372.8058901927,0,407.5
146 KPHX 1529938.7666514488 1180136.2580256895,159 KLAS 1186091.333199179 1532849.5961134434,0,413.5
1084 KMIA 5003608.606233294 216496.0037197433,1138 KLGA 5706416.137368067 2189851.7361057103,0,447.5
954 KORD 4169811.614824586 2365187.7901682444,7 KSFO 395132.6138991644 1743454.4124698462,0,427.0
1129 KEWR 5673991.051502816 2177611.5156549774,824 KATL 4550529.626794338 1206726.313065563,0,424.5
954 KORD 4169811.614824586 2365187.7901682444,7 KSFO 395132.6138991644 1743454.4124698462,0,432.0
146 KPHX 1529938.7666514488 1180136.2580256895,989 KDTW 4668215.201978397 2399690.9636400426,0,442.5
582 KADS 3191751.356670893 1119189.9939174536,615 KMKC 3437438.7823165776 1953566.0756740049,0,155.0
759 KEYW 4842745.559237112 66804.62219821336,1084 KMIA 5003608.606233294 216496.0037197433,1,294.0
1130 KHPN 5724483.821839916 2231851.528635714,1229 KACK 6123894.443061246 2258919.8178157555,1,407.5
882 KCLT 4932156.620028929 1416135.31712597,1159 KROC 5290316.342793959 2534692.936797954,1,459.0
824 KATL 4550529.626794338 1206726.313065563,1100 KPIT 5009927.199169196 2148625.7780163903,1,466.0
775 KMCO 4892088.734919498 540852.7815160877,1129 KEWR 5673991.051502816 2177611.5156549774,1,448.0
945 KIND 4346159.100793739 2037782.615487148,422 KDEN 2333600.6709643 2058360.89499987,1,433.0
533 KMSY 3912122.789156301 737083.9634627616,7 KSFO 395132.6138991644 1743454.4124698462,1,438.0
882 KCLT 4932156.620028929 1416135.31712597,1062 KCHS 5030996.695844515 1110056.969775522,1,348.0
989 KDTW 4668215.201978397 2399690.9636400426,990 KMKE 4170709.7361916616 2508970.5036077173,1,376.5
882 KCLT 4932156.620028929 1416135.31712597,889 KGSP 4792449.122287351 1373555.498774869,1,184.0
882 KCLT 4932156.620028929 1416135.31712597,1143 KCHO 5204846.988072783 1815541.9601253616,1,259.0
940 KCVG 4524281.10587977 1943070.0740631332,1112 KIAD 5314035.086824926 1928373.9243004003,1,369.0
788 KPNS 4248458.593685757 797921.942554248,519 KIAH 3355462.491003606 735945.9770115255,1,369.0
929 KCMH 4718752.251759554 2077825.3449236776,707 KMSP 3587570.3298239955 2803123.151282844,1,439.0
593 KMEM 3942927.08015838 1393159.4334895131,519 KIAH 3355462.491003606 735945.9770115255,1,366.0
7 KSFO 395132.6138991644 1743454.4124698462,159 KLAS 1186091.333199179 1532849.5961134434,1,450.5
582 KDFW 3169675.129138322 1109822.1450396478,315 KABI 2880153.559165143 1046676.26165743,1,335.0
1202 KBOS 6020411.708208139 2422176.4550896706,1129 KEWR 5673991.051502816 2177611.5156549774,1,299.0
1067 KMYR 5152788.563396992 1212383.3209659122,882 KCLT 4932156.620028929 1416135.31712597,1,285.5
1112 KDCA 5359820.033404998 1915372.8058901927,1082 KPBI 5024962.995260723 325153.1847815267,1,390.0
593 KMEM 3942927.08015838 1393159.4334895131,824 KATL 4550529.626794338 1206726.313065563,1,401.0
1138 KLGA 5706416.137368067 2189851.7361057103,609 KSTL 3899858.218307307 1900843.7137592053,1,441.0
962 KCLE 4832867.901112888 2282049.1231493475,1122 KPHL 5556557.785604804 2059816.2151525728,2,326.5
989 KDTW 4668215.201978397 2399690.9636400426,947 KSDF 4407307.343658913 1820527.6798976967,2,375.0
23 KLAX 829541.5446768213 1247019.442325435,34 KSMF 480984.60985307663 1893362.7993110612,2,420.0
989 KDTW 4668215.201978397 2399690.9636400426,945 KIND 4346159.100793739 2037782.615487148,2,351.5
990 KMKE 4170709.7361916616 2508970.5036077173,422 KDEN 2333600.6709643 2058360.89499987,2,446.0
462 KCPR 2137476.1459069154 2503108.017567319,422 KDEN 2333600.6709643 2058360.89499987,2,327.0
561 KLAW 3018710.626790177 1329850.7507354086,582 KDFW 3169675.129138322 1109822.1450396478,2,293.0
954 KORD 4169811.614824586 2365187.7901682444,1122 KPHL 5556557.785604804 2059816.2151525728,2,407.5
882 KCLT 4932156.620028929 1416135.31712597,1095 KROA 5038124.851478387 1702958.0606365567,2,207.5
800 KTBR 4845231.056391941 1055941.3109831298,805 KCAE 4912839.920944775 1246531.0251258304,2,164.0
768 KTPA 4758031.461472318 484452.39310102817,1084 KMIA 5003608.606233294 216496.0037197433,2,288.5
713 KBJI 3400107.868361399 3218893.2315916363,712 KGFK 3154552.445421804 3290510.0070704846,2,154.0
953 KMDW 4186499.953427323 2336859.620791518,824 KATL 4550529.626794338 1206726.313065563,2,418.0
146 KPHX 1529938.7666514488 1180136.2580256895,130 KNYL 1245881.1139485629 1078538.0209673904,2,258.0
69 KMWH 729672.176209145 3170122.0202989634,91 KBFI 403126.3069470533 3222233.411191772,2,198.0
22 KSNA 888674.653348856 1211857.2483732984,582 KDFW 3169675.129138322 1109822.1450396478,2,474.0
519 KIAH 3355462.491003606 735945.9770115255,1112 KDCA 5359820.033404998 1915372.8058901927,2,492.0
989 KDTW 4668215.201978397 2399690.9636400426,882 KCLT 4932156.620028929 1416135.31712597,2,429.5
929 KCMH 4718752.251759554 2077825.3449236776,882 KCLT 4932156.620028929 1416135.31712597,2,388.0
146 KPHX 1529938.7666514488 1180136.2580256895,22 KSNA 888674.653348856 1211857.2483732984,2,347.0
146 KPHX 1529938.7666514488 1180136.2580256895,275 KBOI 1068810.950738223 2601772.208354586,2,455.0
519 KIAH 3355462.491003606 735945.9770115255,422 KDEN 2333600.6709643 2058360.89499987,2,409.0
940 KCVG 4524281.10587977 1943070.0740631332,929 KLCK 4714820.571208956 2051530.2033375967,2,407.5
1129 KEWR 5673991.051502816 2177611.5156549774,25 KSAN 962918.7492499076 1088557.4184932555,2,436.0
811 KJAX 4850597.223872714 800552.3510493403,882 KCLT 4932156.620028929 1416135.31712597,3,392.0
422 KDEN 2333600.6709643 2058360.89499987,1138 KLGA 5706416.137368067 2189851.7361057103,3,450.0
882 KCLT 4932156.620028929 1416135.31712597,1138 KJFK 5716676.436265105 2170003.3409954,3,402.5
609 KSTL 3899858.218307307 1900843.7137592053,929 KCMH 4718752.251759554 2077825.3449236776,3,407.5
34 KSMF 480984.60985307663 1893362.7993110612,91 KSEA 402360.18899785297 3209107.253978492,3,452.0
146 KPHX 1529938.7666514488 1180136.2580256895,159 KLAS 1186091.333199179 1532849.5961134434,3,352.0
824 KATL 4550529.626794338 1206726.313065563,756 KRSW 4843226.784899907 307148.65138352755,3,444.0
146 KPHX 1529938.7666514488 1180136.2580256895,22 KLGB 857574.6103268635 1230557.887916664,3,355.5
568 KOKC 3108056.5216141227 1440167.2073793197,422 KDEN 2333600.6709643 2058360.89499987,3,399.0
882 KCLT 4932156.620028929 1416135.31712597,1064 KFAY 5158044.449993056 1386313.4122527712,3,306.0
519 KIAH 3355462.491003606 735945.9770115255,201 KSLC 1533662.4173491108 2191471.481915045,3,306.0
824 KATL 4550529.626794338 1206726.313065563,609 KSTL 3899858.218307307 1900843.7137592053,3,437.0
609 KSTL 3899858.218307307 1900843.7137592053,913 KMWA 4048665.5596597535 1762273.7831857586,3,407.5
954 KORD 4169811.614824586 2365187.7901682444,889 KGSP 4792449.122287351 1373555.498774869,4,418.0
962 KCLE 4832867.901112888 2282049.1231493475,1159 KROC 5290316.342793959 2534692.936797954,4,256.0
940 KCVG 4524281.10587977 1943070.0740631332,1125 KMDT 5389857.370996047 2105811.1805254444,4,455.0
940 KCVG 4524281.10587977 1943070.0740631332,1092 KRDU 5168207.000392737 1505447.3390612062,4,429.5
86 KRNO 680613.8933716449 2006768.1518044136,23 KLAX 829541.5446768213 1247019.442325435,4,397.0
940 KCVG 4524281.10587977 1943070.0740631332,1186 KBDL 5836662.036603692 2359341.678379048,4,443.5
7 KOAK 411996.3988179 1757606.8954891097,91 KSEA 402360.18899785297 3209107.253978492,4,468.0
824 KATL 4550529.626794338 1206726.313065563,7 KSJC 443972.0064603351 1708067.9886713205,4,439.0
1061 KOAJ 5296919.828355736 1364680.8562480346,882 KCLT 4932156.620028929 1416135.31712597,4,308.5
254 KHLN 1533114.354783838 3073803.8915978028,259 KBIL 1909813.7976910037 2947356.651712127,4,236.0
1158 KELM 5375818.280493596 2391932.440494284,1159 KROC 5290316.342793959 2534692.936797954,4,149.0
940 KCVG 4524281.10587977 1943070.0740631332,1202 KBOS 6020411.708208139 2422176.4550896706,4,493.0
882 KCLT 4932156.620028929 1416135.31712597,818 KSAV 4903794.382330856 1009934.723590164,4,352.0
1112 KDCA 5359820.033404998 1915372.8058901927,775 KMCO 4892088.734919498 540852.7815160877,4,417.0
519 KHOU 3362306.589013511 693160.1214506757,1112 KDCA 5359820.033404998 1915372.8058901927,4,498.0
519 KIAH 3355462.491003606 735945.9770115255,945 KIND 4346159.100793739 2037782.615487148,4,407.5
524 KAUS 3100478.8882611585 762536.3588845013,201 KSLC 1533662.4173491108 2191471.481915045,4,405.0
146 KPHX 1529938.7666514488 1180136.2580256895,25 KSAN 962918.7492499076 1088557.4184932555,4,407.5
159 KLAS 1186091.333199179 1532849.5961134434,519 KIAH 3355462.491003606 735945.9770115255,4,486.0
1220 KMVY 6063217.400086962 2279333.618951289,1138 KJFK 5716676.436265105 2170003.3409954,4,280.0
23 KLAX 829541.5446768213 1247019.442325435,94 KPDX 370712.9146345527 2913020.07787426,4,476.0
882 KCLT 4932156.620028929 1416135.31712597,146 KPHX 1529938.7666514488 1180136.2580256895,4,452.0
940 KCVG 4524281.10587977 1943070.0740631332,707 KMSP 3587570.3298239955 2803123.151282844,4,422.5
788 KPNS 4248458.593685757 797921.942554248,582 KDFW 3169675.129138322 1109822.1450396478,5,406.0
1026 KTVC 4424149.40658106 2781420.689154024,983 KGRR 4430654.307811331 2499041.9526546737,5,153.0
531 KBTR 3814488.283259005 805522.1585719516,582 KDFW 3169675.129138322 1109822.1450396478,5,394.0
471 KDVL 2964812.516241197 3317513.409929389,476 KJMS 2990064.331939008 3125427.117155896,5,407.5
707 KMSP 3587570.3298239955 2803123.151282844,1138 KJFK 5716676.436265105 2170003.3409954,5,447.0
609 KSTL 3899858.218307307 1900843.7137592053,1122 KPHL 5556557.785604804 2059816.2151525728,5,415.0
159 KLAS 1186091.333199179 1532849.5961134434,22 KONT 917912.4528092772 1262011.0825100252,5,283.0
102 KIGM 1319030.7565406736 1422235.250735655,140 KPRC 1485260.8030738323 1341399.644318872,5,407.5
518 KLCH 3587406.579426067 753873.4868775909,519 KIAH 3355462.491003606 735945.9770115255,5,273.5
929 KCMH 4718752.251759554 2077825.3449236776,954 KORD 4169811.614824586 2365187.7901682444,5,369.0
954 KORD 4169811.614824586 2365187.7901682444,983 KGRR 4430654.307811331 2499041.9526546737,5,280.0
519 KIAH 3355462.491003606 735945.9770115255,554 KTYR 3348782.9784701904 1039258.9169373928,5,325.5
159 KLAS 1186091.333199179 1532849.5961134434,330 KELP 2146893.461037561 968576.8833558322,5,405.0
725 KLSE 3802760.0785644376 2649441.401151086,954 KORD 4169811.614824586 2365187.7901682444,5,360.0
1108 KJST 5163125.725187421 2123402.679076497,1112 KIAD 5314035.086824926 1928373.9243004003,5,237.0
422 KDEN 2333600.6709643 2058360.89499987,1129 KEWR 5673991.051502816 2177611.5156549774,5,407.5
1138 KLGA 5706416.137368067 2189851.7361057103,1026 KTVC 4424149.40658106 2781420.689154024,5,439.0
1122 KPHL 5556557.785604804 2059816.2151525728,1138 KLGA 5706416.137368067 2189851.7361057103,5,268.0
34 KSMF 480984.60985307663 1893362.7993110612,22 KONT 917912.4528092772 1262011.0825100252,5,407.5
526 KSAT 3012884.955643201 679094.1326488308,146 KPHX 1529938.7666514488 1180136.2580256895,5,415.0
953 KMDW 4186499.953427323 2336859.620791518,146 KPHX 1529938.7666514488 1180136.2580256895,5,445.0
882 KCLT 4932156.620028929 1416135.31712597,1076 KORF 5451420.838083368 1643788.720693254,5,354.0
533 KMSY 3912122.789156301 737083.9634627616,1138 KLGA 5706416.137368067 2189851.7361057103,5,499.0
146 KPHX 1529938.7666514488 1180136.2580256895,201 KSLC 1533662.4173491108 2191471.481915045,5,435.0
7 KSJC 443972.0064603351 1708067.9886713205,23 KLAX 829541.5446768213 1247019.442325435,5,407.5
1138 KLGA 5706416.137368067 2189851.7361057103,1189 KMHT 5973269.973184521 2506786.182875612,5,273.0
159 KLAS 1186091.333199179 1532849.5961134434,34 KSMF 480984.60985307663 1893362.7993110612,5,407.5
954 KORD 4169811.614824586 2365187.7901682444,609 KSTL 3899858.218307307 1900843.7137592053,5,423.0
609 KSTL 3899858.218307307 1900843.7137592053,1092 KRDU 5168207.000392737 1505447.3390612062,5,407.5
519 KIAH 3355462.491003606 735945.9770115255,571 KJAN 3932064.413250147 1033699.1102588676,5,405.0
953 KMDW 4186499.953427323 2336859.620791518,830 KBHM 4295885.221532358 1197023.8361093416,5,403.0
1118 KBWI 5400271.395657967 1960937.0629764693,1179 KALB 5714180.078500726 2479262.361302727,5,407.5
990 KMKE 4170709.7361916616 2508970.5036077173,609 KSTL 3899858.218307307 1900843.7137592053,5,407.5
1118 KBWI 5400271.395657967 1960937.0629764693,524 KAUS 3100478.8882611585 762536.3588845013,5,400.0
582 KDFW 3169675.129138322 1109822.1450396478,7 KSFO 395132.6138991644 1743454.4124698462,5,420.0
159 KLAS 1186091.333199179 1532849.5961134434,23 KLAX 829541.5446768213 1247019.442325435,5,407.5
7 KSFO 395132.6138991644 1743454.4124698462,824 KATL 4550529.626794338 1206726.313065563,5,482.0
23 KLAX 829541.5446768213 1247019.442325435,7 KOAK 411996.3988179 1757606.8954891097,5,395.0
797 KECP 4400594.658634728 781199.8685785439,824 KATL 4550529.626794338 1206726.313065563,5,355.5
609 KSTL 3899858.218307307 1900843.7137592053,947 KSDF 4407307.343658913 1820527.6798976967,5,382.5
882 KCLT 4932156.620028929 1416135.31712597,1112 KDCA 5359820.033404998 1915372.8058901927,5,353.0
159 KLAS 1186091.333199179 1532849.5961134434,7 KSFO 395132.6138991644 1743454.4124698462,5,422.5
1112 KDCA 5359820.033404998 1915372.8058901927,811 KJAX 4850597.223872714 800552.3510493403,5,354.0
1129 KEWR 5673991.051502816 2177611.5156549774,824 KATL 4550529.626794338 1206726.313065563,5,410.0
159 KLAS 1186091.333199179 1532849.5961134434,23 KLAX 829541.5446768213 1247019.442325435,5,345.0
201 KSLC 1533662.4173491108 2191471.481915045,23 KLAX 829541.5446768213 1247019.442325435,5,418.0
954 KORD 4169811.614824586 2365187.7901682444,7 KSFO 395132.6138991644 1743454.4124698462,5,451.0
1112 KIAD 5314035.086824926 1928373.9243004003,882 KCLT 4932156.620028929 1416135.31712597,5,334.0
615 KMCI 3424177.506217976 1978213.845389773,1138 KLGA 5706416.137368067 2189851.7361057103,5,465.0
1202 KBOS 6020411.708208139 2422176.4550896706,1112 KDCA 5359820.033404998 1915372.8058901927,5,389.0
23 KLAX 829541.5446768213 1247019.442325435,954 KORD 4169811.614824586 2365187.7901682444,6,445.5
824 KATL 4550529.626794338 1206726.313065563,929 KCMH 4718752.251759554 2077825.3449236776,6,432.0
159 KLAS 1186091.333199179 1532849.5961134434,22 KSNA 888674.653348856 1211857.2483732984,6,407.5
882 KCLT 4932156.620028929 1416135.31712597,1112 KIAD 5314035.086824926 1928373.9243004003,6,344.0
242 KTWF 1258803.187836056 2439606.99375634,159 KLAS 1186091.333199179 1532849.5961134434,6,407.5
309 KMAF 2604188.1830970114 986023.907686491,519 KIAH 3355462.491003606 735945.9770115255,6,404.0
1118 KBWI 5400271.395657967 1960937.0629764693,882 KCLT 4932156.620028929 1416135.31712597,6,357.0
582 KDFW 3169675.129138322 1109822.1450396478,7 KSFO 395132.6138991644 1743454.4124698462,6,407.5
1118 KBWI 5400271.395657967 1960937.0629764693,159 KLAS 1186091.333199179 1532849.5961134434,6,430.0
582 KDFW 3169675.129138322 1109822.1450396478,756 KRSW 4843226.784899907 307148.65138352755,6,473.0
23 KLAX 829541.5446768213 1247019.442325435,7 KSJC 443972.0064603351 1708067.9886713205,6,407.5
646 KICT 3126409.9338999093 1747727.0747932077,459 KPIR 2814000.9049407425 2726290.421266578,6,327.0
519 KIAH 3355462.491003606 735945.9770115255,547 KMFE 3038202.773241584 263104.57593373675,6,374.0
1122 KPHL 5556557.785604804 2059816.2151525728,954 KORD 4169811.614824586 2365187.7901682444,6,387.0
953 KMDW 4186499.953427323 2336859.620791518,1092 KRDU 5168207.000392737 1505447.3390612062,6,429.0
582 KDFW 3169675.129138322 1109822.1450396478,25 KSAN 962918.7492499076 1088557.4184932555,6,430.0
582 KDFW 3169675.129138322 1109822.1450396478,23 KLAX 829541.5446768213 1247019.442325435,6,439.0
159 KLAS 1186091.333199179 1532849.5961134434,519 KIAH 3355462.491003606 735945.9770115255,6,407.5
582 KDAL 3190065.3959165034 1103341.9625390223,524 KAUS 3100478.8882611585 762536.3588845013,6,407.5
422 KDEN 2333600.6709643 2058360.89499987,519 KIAH 3355462.491003606 735945.9770115255,6,501.0
662 KDSM 3539245.5813768567 2299923.1297318274,954 KORD 4169811.614824586 2365187.7901682444,6,358.0
93 KBLI 377282.9847236405 3429559.487723872,91 KSEA 402360.18899785297 3209107.253978492,6,150.5
969 KCAK 4877502.417313603 2209959.0256706798,882 KCLT 4932156.620028929 1416135.31712597,6,363.0
140 KFLG 1567280.5439209635 1406020.4527458418,146 KPHX 1529938.7666514488 1180136.2580256895,6,290.0
882 KCLT 4932156.620028929 1416135.31712597,594 KLIT 3696802.708293959 1351375.200890012,6,384.5
1127 KIPT 5372588.387375205 2257273.605928192,1125 KMDT 5389857.370996047 2105811.1805254444,6,160.0
882 KCLT 4932156.620028929 1416135.31712597,23 KLAX 829541.5446768213 1247019.442325435,7,438.0
824 KATL 4550529.626794338 1206726.313065563,969 KCAK 4877502.417313603 2209959.0256706798,7,453.0
816 KHXD 4959050.952476999 1022458.0138894016,882 KCLT 4932156.620028929 1416135.31712597,7,249.0
