1138 KLGA 5706416.137368067 2189851.7361057103,609 KSTL 3899858.218307307 1900843.7137592053,0,442.0
882 KCLT 4932156.620028929 1416135.31712597,889 KGSP 4792449.122287351 1373555.498774869,0,165.0
1112 KIAD 5314035.086824926 1928373.9243004003,7 KSFO 395132.6138991644 1743454.4124698462,0,438.0
991 KMSN 4012922.857435983 2537843.8967922367,989 KDTW 4668215.201978397 2399690.9636400426,0,406.0
146 KPHX 1529938.7666514488 1180136.2580256895,989 KDTW 4668215.201978397 2399690.9636400426,0,470.5
485 KOLF 2234826.596173243 3314283.044349243,257 KGTF 1600131.7124825534 3214452.2061965866,0,151.0
989 KDTW 4668215.201978397 2399690.9636400426,775 KMCO 4892088.734919498 540852.7815160877,0,451.0
593 KMEM 3942927.08015838 1393159.4334895131,882 KCLT 4932156.620028929 1416135.31712597,0,408.0
929 KCMH 4718752.251759554 2077825.3449236776,1118 KBWI 5400271.395657967 1960937.0629764693,0,432.0
800 KTBR 4845231.056391941 1055941.3109831298,805 KCAE 4912839.920944775 1246531.0251258304,0,140.0
989 KDTW 4668215.201978397 2399690.9636400426,990 KMKE 4170709.7361916616 2508970.5036077173,0,354.0
882 KCLT 4932156.620028929 1416135.31712597,990 KMKE 4170709.7361916616 2508970.5036077173,0,401.0
582 KADS 3191751.356670893 1119189.9939174536,615 KMKC 3437438.7823165776 1953566.0756740049,0,154.0
146 KPHX 1529938.7666514488 1180136.2580256895,7 KSFO 395132.6138991644 1743454.4124698462,0,407.5
201 KSLC 1533662.4173491108 2191471.481915045,582 KDFW 3169675.129138322 1109822.1450396478,0,483.0
1084 KMIA 5003608.606233294 216496.0037197433,1138 KLGA 5706416.137368067 2189851.7361057103,0,462.0
1129 KEWR 5673991.051502816 2177611.5156549774,824 KATL 4550529.626794338 1206726.313065563,0,421.5
1112 KDCA 5359820.033404998 1915372.8058901927,867 KTYS 4598065.699384882 1496450.2276216715,0,379.0
989 KDTW 4668215.201978397 2399690.9636400426,662 KDSM 3539245.5813768567 2299923.1297318274,0,377.0
989 KDTW 4668215.201978397 2399690.9636400426,1122 KPHL 5556557.785604804 2059816.2151525728,0,408.0
1097 KGSO 5042297.144860384 1535248.138433285,1112 KIAD 5314035.086824926 1928373.9243004003,0,314.0
69 KMWH 729672.176209145 3170122.0202989634,91 KBFI 403126.3069470533 3222233.411191772,0,196.0
524 KAUS 3100478.8882611585 762536.3588845013,582 KDAL 3190065.3959165034 1103341.9625390223,0,407.5
1062 KCHS 5030996.695844515 1110056.969775522,1112 KDCA 5359820.033404998 1915372.8058901927,0,407.5
275 KBOI 1068810.950738223 2601772.208354586,159 KLAS 1186091.333199179 1532849.5961134434,0,437.0
929 KCMH 4718752.251759554 2077825.3449236776,882 KCLT 4932156.620028929 1416135.31712597,0,401.0
775 KMCO 4892088.734919498 540852.7815160877,159 KLAS 1186091.333199179 1532849.5961134434,0,433.0
954 KORD 4169811.614824586 2365187.7901682444,7 KSFO 395132.6138991644 1743454.4124698462,0,416.0
1067 KMYR 5152788.563396992 1212383.3209659122,882 KCLT 4932156.620028929 1416135.31712597,0,294.0
593 KMEM 3942927.08015838 1393159.4334895131,824 KATL 4550529.626794338 1206726.313065563,0,350.0
146 KPHX 1529938.7666514488 1180136.2580256895,159 KLAS 1186091.333199179 1532849.5961134434,0,414.0
1087 KFLL 5018709.567964174 250517.6384758204,824 KATL 4550529.626794338 1206726.313065563,0,433.0
524 KAUS 3100478.8882611585 762536.3588845013,146 KPHX 1529938.7666514488 1180136.2580256895,0,419.0
519 KIAH 3355462.491003606 735945.9770115255,201 KSLC 1533662.4173491108 2191471.481915045,0,414.0
953 KMDW 4186499.953427323 2336859.620791518,1191 KBUF 5174262.423663005 2507967.8654409926,0,454.0
954 KORD 4169811.614824586 2365187.7901682444,23 KLAX 829541.5446768213 1247019.442325435,0,424.5
954 KORD 4169811.614824586 2365187.7901682444,7 KSFO 395132.6138991644 1743454.4124698462,0,416.0
582 KDFW 3169675.129138322 1109822.1450396478,7 KSFO 395132.6138991644 1743454.4124698462,0,384.0
953 KMDW 4186499.953427323 2336859.620791518,969 KCAK 4877502.417313603 2209959.0256706798,0,388.0
882 KCLT 4932156.620028929 1416135.31712597,1138 KJFK 5716676.436265105 2170003.3409954,0,399.5
519 KHOU 3362306.589013511 693160.1214506757,23 KLAX 829541.5446768213 1247019.442325435,0,407.5
524 KAUS 3100478.8882611585 762536.3588845013,7 KSJC 443972.0064603351 1708067.9886713205,0,350.5
55 KEUG 303476.6687839165 2686830.1392027168,7 KOAK 411996.3988179 1757606.8954891097,0,415.5
882 KCLT 4932156.620028929 1416135.31712597,1143 KCHO 5204846.988072783 1815541.9601253616,0,263.0
989 KDTW 4668215.201978397 2399690.9636400426,982 KAZO 4427445.301129147 2403018.583081781,0,295.0
824 KATL 4550529.626794338 1206726.313065563,882 KCLT 4932156.620028929 1416135.31712597,0,312.0
954 KORD 4169811.614824586 2365187.7901682444,582 KDFW 3169675.129138322 1109822.1450396478,0,425.0
775 KMCO 4892088.734919498 540852.7815160877,1129 KEWR 5673991.051502816 2177611.5156549774,1,445.5
1112 KDCA 5359820.033404998 1915372.8058901927,1082 KPBI 5024962.995260723 325153.1847815267,1,397.0
759 KEYW 4842745.559237112 66804.62219821336,1084 KMIA 5003608.606233294 216496.0037197433,1,312.0
731 KRHI 3998687.433546193 2919672.9384539668,990 KMKE 4170709.7361916616 2508970.5036077173,1,172.0
7 KSFO 395132.6138991644 1743454.4124698462,159 KLAS 1186091.333199179 1532849.5961134434,1,469.0
1202 KBOS 6020411.708208139 2422176.4550896706,1129 KEWR 5673991.051502816 2177611.5156549774,1,407.5
788 KPNS 4248458.593685757 797921.942554248,519 KIAH 3355462.491003606 735945.9770115255,1,361.0
1100 KPIT 5009927.199169196 2148625.7780163903,707 KMSP 3587570.3298239955 2803123.151282844,1,432.0
945 KIND 4346159.100793739 2037782.615487148,422 KDEN 2333600.6709643 2058360.89499987,1,410.5
882 KCLT 4932156.620028929 1416135.31712597,1095 KROA 5038124.851478387 1702958.0606365567,1,202.0
940 KCVG 4524281.10587977 1943070.0740631332,1112 KIAD 5314035.086824926 1928373.9243004003,1,375.0
582 KDFW 3169675.129138322 1109822.1450396478,315 KABI 2880153.559165143 1046676.26165743,1,331.0
593 KMEM 3942927.08015838 1393159.4334895131,519 KIAH 3355462.491003606 735945.9770115255,1,348.0
882 KCLT 4932156.620028929 1416135.31712597,593 KMEM 3942927.08015838 1393159.4334895131,1,368.0
989 KDTW 4668215.201978397 2399690.9636400426,945 KIND 4346159.100793739 2037782.615487148,1,358.0
533 KMSY 3912122.789156301 737083.9634627616,7 KSFO 395132.6138991644 1743454.4124698462,1,441.5
989 KDTW 4668215.201978397 2399690.9636400426,159 KLAS 1186091.333199179 1532849.5961134434,1,425.0
34 KSMF 480984.60985307663 1893362.7993110612,91 KSEA 402360.18899785297 3209107.253978492,2,474.0
962 KCLE 4832867.901112888 2282049.1231493475,1122 KPHL 5556557.785604804 2059816.2151525728,2,336.5
929 KCMH 4718752.251759554 2077825.3449236776,707 KMSP 3587570.3298239955 2803123.151282844,2,426.0
146 KPHX 1529938.7666514488 1180136.2580256895,130 KNYL 1245881.1139485629 1078538.0209673904,2,253.0
22 KSNA 888674.653348856 1211857.2483732984,582 KDFW 3169675.129138322 1109822.1450396478,2,490.0
824 KATL 4550529.626794338 1206726.313065563,1100 KPIT 5009927.199169196 2148625.7780163903,2,455.0
561 KLAW 3018710.626790177 1329850.7507354086,582 KDFW 3169675.129138322 1109822.1450396478,2,308.0
701 KRST 3666611.645835973 2653893.3113408163,954 KORD 4169811.614824586 2365187.7901682444,2,382.0
953 KMDW 4186499.953427323 2336859.620791518,824 KATL 4550529.626794338 1206726.313065563,2,446.0
990 KMKE 4170709.7361916616 2508970.5036077173,422 KDEN 2333600.6709643 2058360.89499987,2,423.0
713 KBJI 3400107.868361399 3218893.2315916363,712 KGFK 3154552.445421804 3290510.0070704846,2,156.0
23 KLAX 829541.5446768213 1247019.442325435,34 KSMF 480984.60985307663 1893362.7993110612,2,401.5
882 KCLT 4932156.620028929 1416135.31712597,1159 KROC 5290316.342793959 2534692.936797954,2,436.5
462 KCPR 2137476.1459069154 2503108.017567319,422 KDEN 2333600.6709643 2058360.89499987,2,335.0
1202 KBOS 6020411.708208139 2422176.4550896706,1211 KAUG 6152683.601326607 2716779.8516533244,2,407.5
609 KSTL 3899858.218307307 1900843.7137592053,913 KMWA 4048665.5596597535 1762273.7831857586,2,407.5
1129 KEWR 5673991.051502816 2177611.5156549774,25 KSAN 962918.7492499076 1088557.4184932555,2,428.0
519 KIAH 3355462.491003606 735945.9770115255,422 KDEN 2333600.6709643 2058360.89499987,2,395.5
519 KIAH 3355462.491003606 735945.9770115255,1112 KDCA 5359820.033404998 1915372.8058901927,2,503.0
768 KTPA 4758031.461472318 484452.39310102817,1084 KMIA 5003608.606233294 216496.0037197433,2,321.5
882 KCLT 4932156.620028929 1416135.31712597,1064 KFAY 5158044.449993056 1386313.4122527712,2,323.0
882 KCLT 4932156.620028929 1416135.31712597,1062 KCHS 5030996.695844515 1110056.969775522,2,350.0
146 KPHX 1529938.7666514488 1180136.2580256895,22 KLGB 857574.6103268635 1230557.887916664,3,326.0
519 KIAH 3355462.491003606 735945.9770115255,201 KSLC 1533662.4173491108 2191471.481915045,3,395.0
824 KATL 4550529.626794338 1206726.313065563,756 KRSW 4843226.784899907 307148.65138352755,3,463.0
940 KCVG 4524281.10587977 1943070.0740631332,707 KMSP 3587570.3298239955 2803123.151282844,3,416.0
422 KDEN 2333600.6709643 2058360.89499987,1138 KLGA 5706416.137368067 2189851.7361057103,3,473.5
989 KDTW 4668215.201978397 2399690.9636400426,882 KCLT 4932156.620028929 1416135.31712597,3,430.0
146 KPHX 1529938.7666514488 1180136.2580256895,22 KSNA 888674.653348856 1211857.2483732984,3,357.5
954 KORD 4169811.614824586 2365187.7901682444,1122 KPHL 5556557.785604804 2059816.2151525728,3,407.5
954 KORD 4169811.614824586 2365187.7901682444,889 KGSP 4792449.122287351 1373555.498774869,3,438.0
7 KSFO 395132.6138991644 1743454.4124698462,824 KATL 4550529.626794338 1206726.313065563,4,507.0
882 KCLT 4932156.620028929 1416135.31712597,146 KPHX 1529938.7666514488 1180136.2580256895,4,445.0
524 KAUS 3100478.8882611585 762536.3588845013,201 KSLC 1533662.4173491108 2191471.481915045,4,416.0
1158 KELM 5375818.280493596 2391932.440494284,1159 KROC 5290316.342793959 2534692.936797954,4,151.0
519 KIAH 3355462.491003606 735945.9770115255,300 KLBB 2645691.3905984443 1210265.1249584272,4,370.0
