5
945,945,0 945,945,2 945,945,3
945,904,0 945,945,1 945,902,2 945,941,3
904,900,0 945,904,1 902,959,2 941,918,3 945,945,4
900,901,0 904,900,1 959,956,2 918,914,3 945,941,4
901,652,0 900,901,1 956,951,2 914,915,3 941,918,4
652,655,0 901,652,1 951,955,2 915,604,3 918,914,4
655,601,0 652,655,1 955,659,2 604,609,3 914,915,4
601,606,0 655,653,1 659,655,2 609,607,3 915,604,4
606,612,0 653,654,1 655,601,2 607,610,3 604,609,4
612,613,0 654,619,1 601,606,2 610,616,3 609,607,4
613,611,0 619,613,1 606,612,2 616,618,3 607,610,4
611,625,0 613,617,1 612,613,2 618,640,3 610,616,4
625,628,0 617,649,1 613,611,2 640,642,3 616,618,4
628,624,0 649,647,1 611,625,2 642,645,3 618,640,4
624,385,0 647,644,1 625,628,2 645,643,3 640,642,4
385,386,0 644,398,1 628,624,2 643,394,3 642,645,4
386,396,0 398,391,1 624,385,2 394,390,3 645,643,4
396,393,0 391,396,1 385,386,2 390,399,3 643,398,4
393,392,0 396,355,1 386,396,2 399,306,3 398,391,4
392,306,0 355,357,1 396,355,2 306,302,3 391,396,4
306,302,0 357,370,1 355,357,2 302,308,3 396,355,4
302,308,0 370,379,1 357,303,2 308,337,3 355,357,4
308,337,0 379,378,1 303,334,2 337,331,3 357,370,4
337,331,0 378,376,1 334,338,2 331,124,3 370,379,4
331,124,0 376,115,1 338,120,2 124,125,3 379,378,4
124,125,0 115,110,1 120,124,2 125,127,3 378,333,4
125,127,0 110,118,1 124,121,2 127,143,3 333,112,4
127,143,0 118,144,1 121,123,2 143,147,3 112,128,4
143,147,0 144,146,1 123,126,2 147,131,3 128,125,4
147,131,0 146,147,1 126,143,2 131,133,3 125,123,4
131,133,0 147,131,1 143,147,2 133,132,3 123,126,4
133,132,0 131,133,1 147,131,2 132,21,3 126,143,4
132,21,0 133,132,1 131,133,2 21,22,3 143,147,4
21,22,0 132,21,1 133,132,2 147,131,4
21,22,1 132,21,2 131,133,4
21,22,2 133,132,4
132,21,4
21,22,4
