 0 0 0 0 0
 0 0 0 0 0
 0 0 0 0 0
 0 0 0 0 0
 12 0 12 0 12
 12 0 12 0 12
 12 0 12 0 12
 12 0 12 0 12
 12 0 12 0 12
 72 0 72 0 72
 72 0 72 0 72
 72 0 72 0 72
 72 0 72 0 72
 72 0 72 0 72
 72 0 72 0 72
 72 0 72 0 72
 72 0 72 0 72
 72 0 72 0 72
 72 0 72 0 72
 72 0 72 0 72
 72 0 72 0 72
 72 0 72 0 72
 72 0 72 0 72
 72 0 72 0 72
 72 0 72 0 72
 72 0 72 0 72
 72 0 72 0 72
 72 0 72 0 72
 72 0 72 0 72
 72 0 72 0 72
 72 0 72 0 72
 72 0 72 0 72
 72 0 72 0 72
 72 0 72 0 72
 72 0 72 0 72
 72 0 72 0 72
 72 0 72 0 72
 72 0 72 0 72
 72 0 72 0 72
 72 0 72 0 72
 72 0 72 0 72
 72 0 72 0 72
 72 0 72 0 72
 72 0 72 0 72