14
7
7
6
5
0
6
14
6
7
4
6
5
5
4
4
7
8
7
7
4
5
9
12
8
7
5
5
7
3
7
3
2
4
7
4
2
4
5
1
5
5
10
6
6
7
6
9
12
9
7
8
4
6
14
5
6
4
5
11
3
10
3
5
7
3
4
2
3
5
3
3
2
9
3
4
5
4
6
4
3
4
5
3
2
4
5
3
5
4
4
9
8
4
7
3
5
6
7
1
7
5
6
9
6
5
5
5
5
6
8
8
7
3
3
7
2
7
4
4
5
4
4
4
10
10
3
9
4
2
4
8
10
11
4
6
3
3
4
4
10
10
10
7
9
4
25
17
6
8
5
4
6
5
4
4
6
4
4
10
5
4
4
5
3
4
5
3
3
5
3
4
4
4
3
5
5
3
4
2
7
7
6
7
6
10
8
3
4
9
6
4
6
4
4
6
4
5
6
6
5
15
7
5
2
6
5
4
5
6
4
6
4
5
4
4
3
4
3
4
3
3
2
2
3
3
3
3
2
4
2
4
3
4
2
3
5
3
4
2
4
5
3
4
4
5
4
5
4
4
3
4
3
2
3
12
1
8
3
5
3
3
1
2
3
3
3
2
3
2
3
3
2
3
3
5
2
5
3
2
4
3
4
2
11
2
3
2
3
9
4
5
6
3
4
3
3
3
2
3
7
10
10
8
6
5
9
8
9
8
4
5
6
3
4
5
6
6
3
6
1
1
2
2
1
2
2
1
1
2
4
8
3
5
6
3
4
9
9
8
7
4
4
10
2
3
2
6
4
8
6
7
4
6
9
14
7
10
5
8
5
5
4
6
5
6
5
3
3
6
4
5
6
5
5
6
4
6
7
7
5
6
3
4
6
4
7
3
4
4
7
5
3
6
6
6
10
4
5
5
5
7
3
8
7
5
4
3
6
5
3
4
2
5
4
2
3
3
4
5
7
17
29
5
4
4
7
6
6
8
5
4
5
6
5
5
4
4
2
2
4
5
5
3
6
12
4
4
8
9
3
3
2
4
3
4
3
2
3
3
2
3
3
3
3
4
2
2
2
4
6
5
4
4
4
3
4
4
4
11
4
6
3
5
2
9
8
2
2
3
3
4
2
3
5
3
4
7
3
3
3
5
3
4
6
3
7
5
5
4
6
17
8
7
6
6
8
6
4
18
4
6
6
6
11
3
5
3
8
7
4
5
5
6
4
3
3
1
4
3
1
5
2
3
3
3
2
2
2
4
9
14
7
13
10
8
7
4
5
9
5
5
4
6
8
7
7
5
6
6
5
5
3
6
6
5
4
5
7
5
3
11
18
5
7
7
3
4
4
6
7
6
7
17
8
7
4
6
4
4
5
5
4
5
9
8
5
6
4
10
6
7
7
9
5
11
10
9
7
9
4
5
4
4
3
6
4
4
6
4
7
5
6
6
5
4
6
5
5
5
6
5
6
5
6
5
7
7
5
5
8
7
5
5
5
6
5
5
8
7
6
4
11
8
8
6
9
7
5
9
5
5
5
6
5
6
3
5
6
5
2
4
3
3
3
3
5
4
3
2
8
8
4
5
5
3
3
7
3
6
8
11
8
4
5
8
3
15
2
4
5
3
8
4
3
4
5
7
5
3
6
5
6
3
4
7
2
3
3
4
3
3
7
5
7
10
5
4
3
4
3
2
5
3
6
3
3
4
5
4
4
3
3
4
2
5
4
2
2
3
4
5
5
7
5
6
7
3
7
4
6
5
5
4
6
9
3
4
4
7
2
2
3
3
5
3
4
3
4
4
6
2
5
5
3
5
5
3
3
4
4
6
3
7
5
5
5
4
4
5
6
6
5
7
5
3
4
4
4
5
6
6
15
3
22
8
4
4
7
12
7
6
5
4
5
5
7
8
5
7
3
4
3
3
4
3
4
2
4
6
6
5
8
10
7
4
4
7
4
5
7
14
16
12
12
11
12
12
8
12
9
5
8
12
9
11
6
8
6
7
9
6
19
9
12
7
9
6
2
10
3
8
4
5
6
6
6
7
7
7
5
7
4
6
8
5
7
4
4
5
3
6
7
6
6
4
5
6
6
7
8
7
5
5
8
7
7
8
10
7
7
7
7
7
8
7
5
6
8
7
20
12
9
7
6
10
10
13
12
11
10
5
11
13
16
5
7
5
15
4
6
10
14
5
7
5
5
8
8
6
7
4
4
3
6
5
7
6
4
5
14
15
15
5
11
7
13
9
12
22
7
6
6
6
7
4
6
4
4
7
1
1
4
3
1
8
1
2
1
1
2
3
2
3
1
1
2
3
2
2
1
2
2
3
3
2
3
2
2
2
6
2
2
3
8
2
3
6
3
2
6
2
2
2
3
2
2
2
2
3
6
2
10
5
6
12
7
4
5
4
5
9
8
7
8
9
5
11
14
6
8
8
7
5
6
5
8
6
10
7
0
7
6
2
5
4
1
7
0
5
10
9
9
7
5
10
6
9
11
7
8
7
8
7
9
5
7
9
11
6
9
16
24
8
6
13
9
11
22
2
8
15
19
13
18
15
6
10
8
26
8
9
4
6
2
8
5
6
16
5
8
8
8
11
11
7
12
12
7
7
5
6
5
5
5
5
5
2
6
6
6
3
6
4
2
3
8
7
4
4
5
4
5
4
4
4
3
5
4
5
2
2
6
8
5
4
5
5
6
5
4
5
5
5
4
4
4
5
5
4
2
3
7
1
2
2
2
1
6
3
3
3
3
2
3
2
1
2
1
1
4
3
2
1
2
4
2
4
0
3
1
2
1
2
0
0
2
1
0
0
0
0
0
0
0
0
0
0
0
0
