1138,1123,1124,1127,1121,1102,1108,1109,928,924,921,946,940,941,903,914,915,604,609,60,0,60,140,200,442.000000,KLGA,KSTL
882,889,60,0,60,29,89,165.000000,KCLT,KGSP
1112,1144,1143,1141,1148,936,937,932,935,944,942,911,912,919,917,913,608,639,633,610,612,613,611,622,625,628,646,644,398,386,396,355,359,372,363,362,369,168,199,195,183,182,181,180,177,173,175,176,13,11,8,0,7,60,0,60,395,455,438.000000,KIAD,KSFO
991,994,993,982,980,989,60,0,60,55,115,406.000000,KMSN,KDTW
146,142,111,110,115,376,378,379,370,357,353,393,390,394,643,645,647,641,611,613,612,602,601,605,652,905,907,906,959,902,985,986,981,989,60,8,68,242,310,470.500000,KPHX,KDTW
485,483,255,252,257,60,0,60,153,213,151.000000,KOLF,KGTF
989,967,965,922,929,921,933,932,931,872,874,876,880,889,881,801,803,808,817,819,812,778,771,779,775,60,7,67,139,206,451.000000,KDTW,KMCO
593,898,899,895,863,869,860,880,882,60,0,60,81,141,408.000000,KMEM,KCLT
929,922,927,928,1140,1142,1149,1117,1118,60,0,60,53,113,432.000000,KCMH,KBWI
800,802,805,60,0,60,50,110,140.000000,KTBR,KCAE
989,980,982,993,990,60,0,60,48,108,354.000000,KDTW,KMKE
882,873,876,879,874,878,930,948,940,945,985,950,958,994,990,60,1,61,110,171,401.000000,KCLT,KMKE
582,585,565,564,569,640,617,611,615,60,27,87,187,274,154.000000,KADS,KMKC
146,147,149,139,109,104,103,43,48,44,9,0,7,60,0,60,102,162,407.500000,KPHX,KSFO
201,208,217,212,219,167,407,366,360,365,359,355,393,399,395,311,567,588,582,60,4,64,135,199,483.000000,KSLC,KDFW
1084,1087,1083,1082,1081,1050,1054,1055,1059,1052,1056,1065,1068,1061,1074,1071,1076,1072,1114,1116,1113,1129,1138,60,0,60,152,212,462.000000,KMIA,KLGA
1129,1122,1111,1118,1115,1112,1110,1146,1093,1098,1090,875,873,880,884,861,824,60,0,60,116,176,421.500000,KEWR,KATL
1112,1146,1147,1095,939,877,872,874,867,60,1,61,77,138,379.000000,KDCA,KTYS
989,980,982,987,958,954,957,691,690,697,662,60,23,83,100,183,377.000000,KDTW,KDSM
989,974,968,960,961,1106,1101,1102,1121,1125,1122,60,1,61,77,138,408.000000,KDTW,KPHL
1097,1091,1098,1093,1146,1144,1112,60,0,60,51,111,314.000000,KGSO,KIAD
69,64,90,97,91,60,0,60,59,119,196.000000,KMWH,KBFI
524,529,523,583,589,582,60,10,70,29,99,407.500000,KAUS,KDAL
1062,1063,1064,1096,1092,1099,1070,1146,1112,60,0,60,70,130,407.500000,KCHS,KDCA
275,271,244,226,221,224,223,229,174,173,177,154,156,159,60,0,60,84,144,437.000000,KBOI,KLAS
929,921,933,932,938,877,875,873,886,882,60,0,60,58,118,401.000000,KCMH,KCLT
775,766,795,794,798,793,797,785,844,848,841,509,502,500,515,511,512,521,529,349,343,347,309,302,308,334,338,112,117,111,144,140,148,105,150,159,60,0,60,293,353,433.000000,KMCO,KLAS
954,957,691,690,697,662,669,667,686,672,681,679,436,435,434,430,424,425,412,415,410,417,231,237,238,245,249,248,247,221,222,80,82,81,86,12,38,30,7,60,0,60,315,375,416.000000,KORD,KSFO
1067,1063,883,882,60,0,60,37,97,294.000000,KMYR,KCLT
593,898,896,894,835,822,824,60,8,68,60,128,350.000000,KMEM,KATL
146,141,102,107,159,60,1,61,40,101,414.000000,KPHX,KLAS
1087,755,765,763,775,779,771,778,812,813,825,829,824,60,1,61,81,142,433.000000,KFLL,KATL
524,522,349,342,343,340,309,301,308,337,331,124,125,127,146,60,0,60,129,189,419.000000,KAUS,KPHX
519,528,521,529,525,348,315,310,319,306,353,357,359,372,365,363,360,369,163,160,165,200,201,60,0,60,186,246,414.000000,KIAH,KSLC
953,958,950,987,988,982,981,980,989,974,968,979,960,977,1198,1190,1191,60,0,60,74,134,454.000000,KMDW,KBUF
954,957,691,690,697,662,669,667,686,672,679,671,446,449,445,442,447,356,351,354,358,367,365,363,371,197,198,191,196,189,185,157,150,107,101,103,43,28,23,60,16,76,281,357,424.500000,KORD,KLAX
954,953,952,699,692,696,668,662,663,667,676,681,679,432,441,440,448,428,351,358,367,364,360,369,168,199,197,192,191,196,189,140,148,102,100,106,48,44,9,0,7,60,1,61,327,388,416.000000,KORD,KSFO
582,584,316,315,310,300,302,308,337,331,124,128,122,142,146,141,102,100,106,48,44,9,0,7,60,5,65,248,313,384.000000,KDFW,KSFO
953,958,950,988,986,984,965,964,969,60,7,67,61,128,388.000000,KMDW,KCAK
882,886,870,1097,1090,1091,1098,1093,1146,1110,1112,1115,1118,1111,1129,1138,60,2,62,90,152,399.500000,KCLT,KJFK
519,517,528,524,529,349,343,340,309,301,305,336,330,335,124,125,127,143,147,131,133,132,24,22,23,60,5,65,212,277,407.500000,KHOU,KLAX
524,522,349,343,347,309,302,308,334,338,112,110,118,144,140,141,102,100,106,48,47,8,0,7,60,9,69,267,336,350.500000,KAUS,KSJC
55,52,50,79,78,73,75,37,38,30,7,60,0,60,80,140,415.500000,KEUG,KOAK
882,870,875,1090,1095,1147,1143,60,2,62,65,127,263.000000,KCLT,KCHO
989,980,981,982,60,1,61,29,90,295.000000,KDTW,KAZO
824,885,881,889,883,882,60,0,60,46,106,312.000000,KATL,KCLT
954,953,952,955,659,652,605,609,607,610,616,618,555,564,565,585,582,60,1,61,125,186,425.000000,KORD,KDFW
775,772,770,777,1058,1057,1069,1062,1067,1064,1060,1073,1078,1079,1115,1116,1111,1129,61,7,68,135,203,445.500000,KMCO,KEWR
1112,1110,1070,1078,1073,1061,1068,1065,1056,1052,1055,1053,1050,1085,1089,1082,61,1,62,138,200,397.000000,KDCA,KPBI
759,752,757,1084,61,0,61,26,87,312.000000,KEYW,KMIA
731,1010,1014,1011,1017,999,990,61,0,61,88,149,172.000000,KRHI,KMKE
7,0,8,47,40,151,152,159,61,0,61,57,118,469.000000,KSFO,KLAS
1202,1182,1184,1186,1172,1130,1123,1129,61,0,61,40,101,407.500000,KBOS,KEWR
788,848,786,841,536,502,531,500,538,515,518,511,519,61,0,61,82,143,361.000000,KPNS,KIAH
1100,963,961,962,968,989,980,982,998,990,999,996,727,720,733,736,732,707,61,10,71,121,192,432.000000,KPIT,KMSP
945,904,900,901,652,655,653,654,666,664,677,673,678,674,449,445,448,421,422,61,0,61,161,222,410.500000,KIND,KDEN
882,870,875,1090,1095,61,7,68,51,119,202.000000,KCLT,KROA
940,946,921,937,936,1148,1141,1143,1144,1112,61,0,61,72,133,375.000000,KCVG,KIAD
582,584,313,315,61,1,62,31,93,331.000000,KDFW,KABI
593,597,575,574,576,516,511,519,61,0,61,84,145,348.000000,KMEM,KIAH
882,880,860,869,863,895,899,898,593,61,4,65,89,154,368.000000,KCLT,KMEM
989,981,986,945,61,1,62,45,107,358.000000,KDTW,KIND
533,531,538,515,511,512,521,529,349,343,340,309,301,308,337,338,120,117,111,144,140,141,102,100,106,48,47,8,0,7,61,18,79,272,351,441.500000,KMSY,KSFO
989,980,982,987,958,954,952,699,657,651,650,658,666,664,677,673,678,674,449,445,448,428,351,358,367,360,369,193,199,192,190,189,185,157,150,159,61,1,62,281,343,425.000000,KDTW,KLAS
34,37,76,73,78,50,54,59,98,92,91,62,0,62,92,154,474.000000,KSMF,KSEA
962,961,1106,1101,1102,1121,1125,1122,62,0,62,74,136,336.500000,KCLE,KPHL
929,923,949,986,985,988,950,958,954,994,992,723,729,721,725,701,707,62,1,63,105,168,426.000000,KCMH,KMSP
146,147,136,130,62,6,68,40,108,253.000000,KPHX,KNYL
22,21,132,133,131,147,143,127,125,124,331,337,308,302,300,319,312,316,584,582,62,0,62,155,217,490.000000,KSNA,KDFW
824,861,884,860,876,874,872,931,932,937,924,928,926,1100,62,6,68,77,145,455.000000,KATL,KPIT
561,567,588,582,62,0,62,29,91,308.000000,KLAW,KDFW
701,725,721,729,723,992,994,954,62,0,62,51,113,382.000000,KRST,KORD
953,956,906,904,941,947,942,864,867,869,861,824,62,10,72,92,164,446.000000,KMDW,KATL
990,994,992,691,690,697,662,669,667,686,681,688,436,434,430,429,422,62,6,68,149,217,423.000000,KMKE,KDEN
713,712,62,0,62,54,116,156.000000,KBJI,KGFK
23,49,48,44,8,2,3,38,34,62,0,62,63,125,401.500000,KLAX,KSMF
882,870,875,1090,1095,1147,1141,1143,1142,1107,1102,1105,1155,1156,1159,62,1,63,90,153,436.500000,KCLT,KROC
462,469,415,416,423,422,62,0,62,50,112,335.000000,KCPR,KDEN
1202,1206,1209,1201,1210,1211,62,1,63,27,90,407.500000,KBOS,KAUG
609,604,608,913,62,0,62,17,79,407.500000,KSTL,KMWA
1129,1124,1122,1125,1117,1149,1143,1141,1148,934,932,931,930,864,865,853,857,852,630,636,634,638,631,614,618,649,642,645,562,394,390,393,355,357,377,379,378,333,112,128,117,122,142,146,147,131,133,132,134,25,62,1,63,380,443,428.000000,KEWR,KSAN
519,528,521,523,583,584,580,318,311,395,390,396,350,356,351,420,427,422,62,4,66,140,206,395.500000,KIAH,KDEN
519,511,515,507,503,501,505,842,831,832,836,822,861,884,880,873,875,1090,1098,1093,1146,1112,62,8,70,153,223,503.000000,KIAH,KDCA
768,764,756,753,1084,62,0,62,38,100,321.500000,KTPA,KMIA
882,886,1066,1064,62,8,70,26,96,323.000000,KCLT,KFAY
882,883,887,807,809,1062,62,1,63,33,96,350.000000,KCLT,KCHS
146,147,131,133,132,21,22,63,1,64,69,133,326.000000,KPHX,KLGB
519,528,524,529,349,348,347,310,300,306,307,357,370,377,373,375,362,193,169,160,165,200,201,63,13,76,196,272,395.000000,KIAH,KSLC
824,829,825,820,813,814,792,790,774,766,763,764,756,63,1,64,70,134,463.000000,KATL,KRSW
940,945,902,959,956,953,952,691,693,722,725,701,707,63,1,64,101,165,416.000000,KCVG,KMSP
422,420,421,448,440,445,441,449,446,674,678,673,677,664,666,658,653,650,655,659,901,900,903,941,940,946,921,927,928,1109,1104,1107,1121,1124,1123,1138,63,8,71,239,310,473.500000,KDEN,KLGA
989,967,965,922,929,921,933,932,938,877,875,873,886,882,63,0,63,78,141,430.000000,KDTW,KCLT
146,147,131,133,132,21,22,63,18,81,59,140,357.500000,KPHX,KSNA
954,958,987,988,982,981,989,967,962,969,963,1100,1101,1102,1121,1125,1122,63,12,75,116,191,407.500000,KORD,KPHL
954,958,950,985,945,940,948,930,878,874,876,880,889,63,1,64,89,153,438.000000,KORD,KGSP
7,0,8,47,40,158,154,153,181,183,195,192,197,371,375,372,359,355,396,391,394,643,568,563,569,555,551,590,570,572,890,838,894,893,866,824,64,10,74,276,350,507.000000,KSFO,KATL
882,876,860,867,862,868,854,891,897,593,592,594,551,552,565,560,567,311,317,314,306,307,303,334,338,120,128,125,127,146,64,1,65,256,321,445.000000,KCLT,KPHX
524,522,349,343,347,300,306,307,357,377,372,363,369,163,166,212,217,208,201,64,0,64,168,232,416.000000,KAUS,KSLC
1158,1151,1159,64,0,64,40,104,151.000000,KELM,KROC
519,528,524,529,349,348,347,310,300,64,1,65,77,142,370.000000,KIAH,KLBB