1138,1123,1124,1121,1107,1104,1140,928,924,927,921,929,946,940,947,941,918,914,915,604,609,0,0,0,139,139,442.000000,KLGA,KSTL
882,889,0,0,0,29,29,165.000000,KCLT,KGSP
1112,1144,1146,1147,1098,1095,871,877,879,872,874,867,869,863,895,899,896,898,593,591,595,594,598,556,618,649,647,646,644,648,384,385,383,380,382,447,428,420,427,368,403,408,361,163,160,162,184,186,172,174,173,171,178,19,15,18,14,3,7,0,0,0,406,406,438.000000,KIAD,KSFO
991,994,993,982,980,989,0,0,0,55,55,406.000000,KMSN,KDTW
146,142,111,117,112,333,339,379,370,357,353,393,390,391,398,644,646,641,611,617,613,610,607,603,604,915,908,903,904,945,986,981,989,0,0,0,240,240,470.500000,KPHX,KDTW
485,483,255,252,257,0,0,0,153,153,151.000000,KOLF,KGTF
989,984,965,923,929,946,935,930,878,867,860,884,881,801,802,808,818,819,811,773,779,775,0,9,9,138,147,451.000000,KDTW,KMCO
593,898,899,895,863,869,860,880,882,0,0,0,81,81,408.000000,KMEM,KCLT
929,922,927,928,1140,1142,1149,1117,1118,0,0,0,53,53,432.000000,KCMH,KBWI
800,802,805,0,0,0,50,50,140.000000,KTBR,KCAE
989,980,982,993,990,0,0,0,48,48,354.000000,KDTW,KMKE
882,873,879,872,931,935,946,949,986,988,987,993,990,0,7,7,111,118,401.000000,KCLT,KMKE
582,585,565,564,569,640,617,611,615,0,3,3,187,190,154.000000,KADS,KMKC
146,147,149,139,109,104,103,43,48,44,9,0,7,0,1,1,102,103,407.500000,KPHX,KSFO
201,200,218,165,166,163,369,363,372,359,357,353,306,319,312,316,584,582,0,0,0,135,135,483.000000,KSLC,KDFW
1084,1087,1083,1082,1081,1050,1054,1055,1059,1052,1056,1065,1068,1061,1074,1071,1076,1072,1114,1116,1113,1129,1138,0,0,0,152,152,462.000000,KMIA,KLGA
1129,1122,1111,1118,1115,1112,1110,1146,1093,1098,1090,875,873,880,884,861,824,0,0,0,116,116,421.500000,KEWR,KATL
1112,1146,1147,1095,939,877,872,874,867,0,11,11,77,88,379.000000,KDCA,KTYS
989,980,982,993,994,992,694,693,690,697,662,0,23,23,101,124,377.000000,KDTW,KDSM
989,974,968,960,961,1106,1101,1102,1121,1125,1122,0,1,1,77,78,408.000000,KDTW,KPHL
