0.057986
0.005556
0.014236
0.011111
0.000000
0.000000
0.004167
0.026042
0.026736
0.015625
0.003819
0.008681
0.000000
0.008333
0.006250
0.000000
0.012153
0.011111
0.007639
0.000000
0.000000
0.005903
0.015972
0.023611
0.006597
0.004167
0.002083
0.009375
0.016319
0.000000
0.004514
0.002083
0.000000
0.000000
0.008333
0.000000
0.000000
0.005556
0.006250
0.000000
0.016319
0.000000
0.010417
0.006944
0.017361
0.008333
0.002778
0.038542
0.054167
0.019444
0.015278
0.004167
0.007639
0.000000
0.019792
0.006250
0.000000
0.000000
0.000000
0.012153
0.000000
0.000000
0.000000
0.000000
0.004167
0.000000
0.000000
0.000000
0.000000
0.001389
0.000000
0.003819
0.000000
0.015625
0.000000
0.002778
0.007639
0.003125
0.011458
0.005903
0.000000
0.000000
0.000000
0.002778
0.000000
0.000000
0.001389
0.000000
0.003125
0.000000
0.006250
0.012153
0.006944
0.013542
0.002083
0.000000
0.000000
0.006944
0.005208
0.000000
0.013542
0.016319
0.015625
0.020833
0.001389
0.006250
0.019097
0.017014
0.002083
0.001736
0.007986
0.010417
0.002431
0.002431
0.001736
0.007292
0.001389
0.013194
0.003819
0.003472
0.019097
0.000000
0.018403
0.000000
0.020486
0.017014
0.000000
0.009375
0.012153
0.000000
0.006250
0.019792
0.023264
0.028819
0.000000
0.000000
0.010764
0.000000
0.000000
0.001389
0.024653
0.035764
0.000000
0.003125
0.016319
0.004861
0.078125
0.048958
0.010764
0.002778
0.009375
0.007292
0.020486
0.006250
0.014931
0.005556
0.010764
0.006944
0.010764
0.023958
0.012847
0.002431
0.002431
0.009028
0.000000
0.011458
0.004861
0.002083
0.002083
0.009028
0.002431
0.003819
0.005903
0.010764
0.004861
0.003472
0.002083
0.015278
0.000000
0.002431
0.004861
0.018056
0.009722
0.011458
0.006597
0.017708
0.003819
0.002778
0.003125
0.027778
0.013194
0.005903
0.008681
0.007639
0.000000
0.005903
0.000000
0.007639
0.004861
0.006597
0.015625
0.020833
0.000000
0.002778
0.000000
0.003819
0.000000
0.000000
0.000000
0.002431
0.000000
0.004514
0.000000
0.000000
0.000000
0.000000
0.001736
0.002431
0.001389
0.000000
0.000000
0.010069
0.000000
0.003472
0.007986
0.000000
0.000000
0.000000
0.000000
0.008333
0.000000
0.000000
0.000000
0.000000
0.000000
0.000000
0.000000
0.000000
0.000000
0.000000
0.000000
0.000000
0.000000
0.000000
0.012847
0.000000
0.000000
0.000000
0.000000
0.000000
0.006250
0.006250
0.007639
0.000000
0.002431
0.021875
0.000000
0.001736
0.000000
0.004514
0.000000
0.000000
0.000000
0.000000
0.000000
0.000000
0.000000
0.000000
0.000000
0.000000
0.000000
0.007292
0.000000
0.000000
0.000000
0.003125
0.000000
0.000000
0.000000
0.000000
0.000000
0.000000
0.000000
0.000000
0.000000
0.000000
0.000000
0.000000
0.000000
0.000000
0.000000
0.000000
0.000000
0.000000
0.000000
0.000000
0.000000
0.000000
0.000000
0.000000
0.020833
0.028125
0.020139
0.010069
0.007292
0.006250
0.025000
0.026042
0.029514
0.025694
0.013194
0.003125
0.017361
0.002778
0.002778
0.007639
0.015972
0.009375
0.008333
0.019792
0.000000
0.000000
0.001389
0.000000
0.000000
0.000000
0.000000
0.000000
0.000000
0.000000
0.004861
0.021181
0.004167
0.006597
0.003472
0.005208
0.002083
0.028472
0.019444
0.011806
0.025000
0.001736
0.009375
0.029167
0.000000
0.002431
0.000000
0.013194
0.014236
0.025694
0.004167
0.007292
0.006250
0.009375
0.009375
0.017014
0.008681
0.017708
0.000000
0.015625
0.005556
0.002431
0.007639
0.007639
0.005903
0.004514
0.002778
0.003819
0.000000
0.011458
0.010764
0.004167
0.013194
0.003472
0.002778
0.011458
0.002778
0.005903
0.004861
0.009375
0.002778
0.002083
0.001736
0.002778
0.000000
0.005903
0.005556
0.001736
0.003819
0.004861
0.007292
0.005903
0.002431
0.004514
0.006250
0.005903
0.006597
0.001736
0.002778
0.005208
0.005556
0.003125
0.000000
0.000000
0.002083
0.002778
0.004167
0.000000
0.002431
0.003819
0.000000
0.000000
0.000000
0.000000
0.000000
0.004167
0.003125
0.000000
0.000000
0.000000
0.012153
0.047569
0.044792
0.003819
0.000000
0.000000
0.000000
0.007986
0.006597
0.000000
0.000000
0.000000
0.006944
0.000000
0.000000
0.005208
0.000000
0.000000
0.000000
0.000000
0.025694
0.020139
0.002431
0.000000
0.002778
0.011806
0.009722
0.001736
0.005556
0.012847
0.000000
0.000000
0.000000
0.000000
0.000000
0.000000
0.000000
0.000000
0.000000
0.000000
0.000000
0.000000
0.001389
0.000000
0.000000
0.000000
0.000000
0.000000
0.000000
0.003125
0.000000
0.000000
0.000000
0.000000
0.000000
0.000000
0.000000
0.000000
0.000000
0.000000
0.000000
0.000000
0.000000
0.006944
0.000000
0.015625
0.000000
0.000000
0.000000
0.000000
0.000000
0.000000
0.000000
0.000000
0.000000
0.000000
0.000000
0.000000
0.000000
0.000000
0.005208
0.006597
0.003472
0.015278
0.002431
0.003472
0.002778
0.008333
0.005903
0.000000
0.000000
0.028472
0.020833
0.003819
0.011111
0.016667
0.008333
0.006250
0.010764
0.042708
0.000000
0.009375
0.010417
0.008333
0.029167
0.005208
0.000694
0.003125
0.013889
0.027431
0.001736
0.003472
0.000000
0.004861
0.000000
0.003125
0.004167
0.002431
0.005903
0.000000
0.000000
0.000000
0.003819
0.004167
0.000000
0.000000
0.000000
0.002778
0.000000
0.004514
0.000000
0.026736
0.020139
0.005556
0.013889
0.003819
0.003472
0.000000
0.000000
0.013889
0.013889
0.006944
0.001389
0.000000
0.011458
0.021181
0.000000
0.007639
0.000000
0.005208
0.000000
0.001042
0.000000
0.000000
0.006597
0.004167
0.002778
0.004514
0.003472
0.000000
0.002431
0.008681
0.028819
0.006250
0.019792
0.010417
0.000000
0.001736
0.005903
0.005208
0.008681
0.000000
0.008681
0.014583
0.005556
0.000000
0.006944
0.013889
0.003125
0.000000
0.000000
0.004514
0.003125
0.005556
0.019792
0.009375
0.007292
0.002431
0.003472
0.012847
0.000000
0.010764
0.006250
0.000000
0.007292
0.016319
0.017708
0.020486
0.011806
0.015625
0.008333
0.003125
0.000000
0.002083
0.003819
0.000000
0.001389
0.000000
0.001736
0.002083
0.002778
0.004167
0.000000
0.007639
0.005556
0.002083
0.006250
0.004514
0.009375
0.002778
0.009028
0.005208
0.006250
0.003819
0.000000
0.006944
0.005208
0.000000
0.002431
0.005208
0.005556
0.017014
0.007986
0.008681
0.003472
0.013889
0.017361
0.002431
0.006250
0.023958
0.000000
0.000000
0.023611
0.026042
0.012153
0.027083
0.011458
0.005208
0.005208
0.007639
0.019444
0.015278
0.005903
0.006597
0.012153
0.013542
0.002431
0.009028
0.013194
0.002083
0.000000
0.000000
0.000000
0.000000
0.000000
0.000000
0.002778
0.000000
0.000000
0.000000
0.011806
0.015278
0.006250
0.003125
0.000000
0.000000
0.005556
0.007292
0.000000
0.011806
0.000000
0.005208
0.000000
0.000000
0.000000
0.000000
0.000000
0.012500
0.000000
0.000000
0.000000
0.000000
0.011806
0.014236
0.000000
0.000000
0.000000
0.000000
0.000000
0.000000
0.005903
0.009722
0.002778
0.006597
0.003819
0.006944
0.000000
0.001736
0.002431
0.006250
0.009028
0.002083
0.000000
0.000000
0.007639
0.000000
0.009375
0.000000
0.000000
0.000000
0.000000
0.000000
0.000000
0.000000
0.000000
0.000000
0.000000
0.000000
0.000000
0.000000
0.000000
0.000000
0.003819
0.004167
0.000000
0.001736
0.003472
0.001736
0.000000
0.002083
0.000000
0.000000
0.000000
0.004861
0.009375
0.000000
0.008333
0.000000
0.003125
0.000000
0.005208
0.000000
0.004514
0.002778
0.004167
0.005903
0.000000
0.004514
0.000000
0.003125
0.000000
0.002083
0.000000
0.003472
0.000000
0.000000
0.001736
0.001736
0.005556
0.004167
0.004514
0.000000
0.003472
0.004514
0.003819
0.002083
0.000000
0.001042
0.000000
0.000000
0.007639
0.004167
0.010069
0.000000
0.000000
0.008333
0.005903
0.003819
0.000000
0.004514
0.003125
0.007292
0.000000
0.003472
0.003472
0.000000
0.002431
0.000000
0.004514
0.005208
0.004514
0.015972
0.031944
0.000000
0.024306
0.003125
0.000000
0.003472
0.000000
0.022917
0.011458
0.006250
0.002431
0.002431
0.004861
0.011458
0.007639
0.005556
0.003472
0.000000
0.000000
0.004861
0.002431
0.004514
0.005556
0.000000
0.001736
0.000000
0.009375
0.000000
0.000000
0.005903
0.006944
0.010764
0.000000
0.000000
0.004861
0.007986
0.003472
0.002778
0.015278
0.030556
0.010764
0.026736
0.013889
0.012847
0.007986
0.016319
0.006944
0.023611
0.024653
0.001389
0.010417
0.034028
0.013194
0.041319
0.009722
0.015625
0.008333
0.009375
0.032292
0.009722
0.052431
0.012500
0.026389
0.003125
0.017361
0.006597
0.000000
0.014236
0.004514
0.000000
0.000000
0.001736
0.006597
0.012847
0.012847
0.000000
0.019097
0.017708
0.007292
0.009375
0.002083
0.005556
0.011458
0.004167
0.006944
0.005903
0.004861
0.001042
0.000000
0.018750
0.004167
0.019444
0.004861
0.003125
0.007639
0.004861
0.005556
0.016319
0.009722
0.020833
0.003472
0.005903
0.019097
0.007639
0.003819
0.013889
0.029514
0.020486
0.005903
0.008681
0.012847
0.006944
0.008333
0.018403
0.006250
0.009722
0.013194
0.007986
0.040972
0.011458
0.012153
0.014236
0.007986
0.017708
0.031944
0.014236
0.022222
0.017708
0.011806
0.002431
0.029861
0.015625
0.031944
0.008681
0.010417
0.002431
0.028819
0.006250
0.005903
0.013889
0.011806
0.002083
0.005903
0.007639
0.002778
0.004514
0.004514
0.007639
0.000000
0.000000
0.000000
0.002431
0.006250
0.000000
0.003125
0.002431
0.003125
0.003125
0.021528
0.021181
0.035764
0.000694
0.014236
0.011458
0.026042
0.004861
0.031250
0.031944
0.013194
0.005556
0.013889
0.014931
0.020486
0.000000
0.001736
0.002431
0.000000
0.007639
0.000000
0.000000
0.000000
0.000000
0.000000
0.000000
0.000000
0.000000
0.000000
0.000000
0.004514
0.004167
0.001736
0.000000
0.003472
0.000000
0.001042
0.004861
0.000000
0.000000
0.000000
0.000000
0.000000
0.001389
0.000000
0.001736
0.000000
0.000000
0.002083
0.000000
0.000000
0.000000
0.000000
0.000000
0.000000
0.000000
0.000000
0.000000
0.000000
0.000000
0.000000
0.000000
0.000000
0.000000
0.000000
0.000000
0.000000
0.000000
0.000000
0.000000
0.004514
0.000000
0.006597
0.000000
0.006944
0.006250
0.004514
0.004861
0.007639
0.003125
0.006597
0.009028
0.013889
0.007639
0.020833
0.005556
0.006944
0.015278
0.011458
0.008681
0.014931
0.002778
0.002431
0.005903
0.002431
0.000000
0.005208
0.000000
0.017708
0.002431
0.000000
0.004861
0.003125
0.001389
0.004514
0.000000
0.000000
0.002431
0.000000
0.001389
0.036458
0.016319
0.010069
0.012153
0.001389
0.016667
0.007292
0.021181
0.022569
0.007986
0.001736
0.014931
0.009722
0.003472
0.019097
0.003819
0.007639
0.025347
0.007639
0.010417
0.012847
0.012153
0.042361
0.002778
0.005903
0.017361
0.003472
0.018750
0.038194
0.000000
0.005556
0.027778
0.038542
0.013194
0.027431
0.035417
0.002431
0.013542
0.011111
0.039583
0.008681
0.009722
0.001736
0.000000
0.000000
0.006250
0.000000
0.000000
0.020486
0.005556
0.012847
0.011806
0.011806
0.022917
0.021181
0.004514
0.023958
0.028125
0.003472
0.011806
0.000000
0.009028
0.000000
0.000000
0.000000
0.000000
0.003125
0.000000
0.002083
0.010069
0.000000
0.000000
0.000000
0.000000
0.000000
0.000000
0.000000
0.000000
0.000000
0.000000
0.003125
0.003472
0.004861
0.000000
0.000000
0.000000
0.000000
0.000000
0.000000
0.000347
0.000000
0.000000
0.006250
0.002083
0.006250
0.000000
0.006250
0.001736
0.004861
0.001736
0.002431
0.000694
0.003819
0.000000
0.004861
0.002083
0.000000
0.004514
0.001736
0.000000
0.000000
0.001389
0.003819
0.000000
0.000000
0.000000
0.001736
0.000000
0.002778
0.001736
0.001736
0.002083
0.000000
0.000000
0.000000
0.000000
0.000000
0.000000
0.000000
0.000000
0.000000
0.000000
0.000000
0.000000
0.000000
0.000000
0.000000
0.000000
0.000000
0.000000
0.000000
0.000000
0.000000
0.000000
0.000000
0.000000
0.000000
0.000000
0.000000
0.000000
0.000000
0.000000
0.000000
0.000000
0.000000
0.000000
0.000000
0.000000
0.000000
0.000000
