1138,1123,1124,1121,1107,1104,1140,928,924,927,921,946,948,947,911,919,913,604,609,60,0,60,141,201,442.000000,KLGA,KSTL
882,889,60,0,60,29,89,165.000000,KCLT,KGSP
1062,1063,1064,1096,1092,1099,1070,1146,1112,60,0,60,70,130,407.500000,KCHS,KDCA
1112,1144,1146,1147,1098,1095,871,877,872,878,864,865,853,857,850,855,599,591,595,598,556,618,640,642,645,644,398,391,396,355,354,359,372,375,371,194,198,191,196,190,189,181,155,156,152,151,40,47,8,0,7,60,0,60,383,443,438.000000,KIAD,KSFO
991,994,993,982,980,989,60,0,60,55,115,406.000000,KMSN,KDTW
146,142,111,110,115,376,378,379,377,357,355,396,386,398,644,647,641,617,613,610,607,609,604,915,914,903,941,945,986,981,989,60,0,60,242,302,470.500000,KPHX,KDTW
485,483,255,252,257,60,0,60,153,213,151.000000,KOLF,KGTF
989,984,965,923,929,946,935,930,878,867,860,884,881,801,802,808,818,819,811,773,779,775,60,5,65,138,203,451.000000,KDTW,KMCO
593,898,899,895,863,869,860,880,882,60,0,60,81,141,408.000000,KMEM,KCLT
929,922,927,928,1140,1142,1149,1117,1118,60,0,60,53,113,432.000000,KCMH,KBWI
989,980,982,993,990,60,0,60,48,108,354.000000,KDTW,KMKE
800,802,805,60,0,60,50,110,140.000000,KTBR,KCAE
582,585,565,564,569,640,617,611,615,60,0,60,187,247,154.000000,KADS,KMKC
146,147,149,139,109,104,103,43,48,44,9,0,7,60,1,61,102,163,407.500000,KPHX,KSFO
201,200,218,165,166,163,369,363,372,359,357,353,306,319,312,316,584,582,60,0,60,135,195,483.000000,KSLC,KDFW
1084,1087,1083,1082,1081,1050,1054,1055,1059,1052,1056,1065,1068,1061,1074,1071,1076,1072,1114,1116,1113,1129,1138,60,0,60,152,212,462.000000,KMIA,KLGA
1129,1122,1111,1118,1115,1112,1110,1146,1093,1098,1090,875,873,880,884,861,824,60,0,60,116,176,421.500000,KEWR,KATL
1112,1146,1147,1095,939,877,872,874,867,60,7,67,77,144,379.000000,KDCA,KTYS
989,981,988,950,953,952,699,692,696,668,662,60,1,61,101,162,377.000000,KDTW,KDSM
989,974,968,960,961,1106,1101,1102,1121,1125,1122,60,1,61,77,138,408.000000,KDTW,KPHL